"Height" "Weight"
164.7 87.4
164.7 87.4
164.7 87.4
168.4 86.7
166.7 75.7
166.7 75.7
166.7 75.7
169.5 68
181.9 78.4
169.4 74.7
148.1 57.5
177.8 84.1
181.3 93.8
169.9 74.6
170.7 57.5
170.7 57.5
157.1 51
177.1 113.9
177.1 113.9
180.9 117.3
174.7 79.2
165.9 86.5
165.9 86.5
152 62.8
175.8 64.9
145.1 54.3
145.1 54.3
173.4 87.6
163.8 82.1
163.8 82.1
175.3 78.2
154.8 50.7
169.6 134.3
173 60.3
178.6 86.3
166.5 103.5
166.5 103.5
182 84.6
170.6 72.7
151 51.6
167.2 106
167.2 106
167.2 106
165.5 69.9
149.7 64.9
149.7 64.9
164.4 87.8
164.4 87.8
164.4 87.8
154.3 67.8
154.3 67.8
186.2 125.8
162 67.9
162 67.9
162 67.9
175.8 88.4
160.1 53.9
160.1 53.9
160.1 53.9
174.5 94.1
174.5 94.1
174.5 94.1
174.5 94.1
156.7 66.9
156.7 66.9
169 85.2
171 66.7
179.2 94
169.6 51.4
169.8 58.8
167.5 95.5
155.2 68.9
155.2 68.9
173.8 76.6
173.8 76.6
173.8 76.6
174.5 78.9
174.5 78.9
174.5 78.9
155.1 97.9
185 136.3
185 136.3
176.9 91.1
148.2 60
147.6 61.8
155.1 57.8
155.1 57.8
155.1 57.8
155.1 57.8
168 82.8
163.4 85.2
181.8 92.3
150.6 75.2
178.8 87.8
171.5 87.2
145.8 86
162.6 129.3
162.4 54
162.4 54
162.4 54
157.7 72
157.7 72
178.4 108.9
157.3 81.8
186.5 89.2
186.5 89.2
158.2 95.9
179.2 86.6
156.6 50.9
163.1 95.3
165.2 100.3
165.2 100.3
172.8 76.6
172.8 76.6
150 78.1
154 69.6
154 69.6
166 62
165.7 73.8
165.7 73.8
165.7 73.8
165.7 73.8
172.5 86.2
172.7 75.2
181.4 77.1
181.4 77.1
167.8 86.4
166.9 69.9
160.4 98.1
178.8 96.6
178.8 96.6
158.7 71.8
179.3 102.5
178.3 88.3
178.3 88.3
180.4 74.5
180.4 74.5
154.8 65.8
162.4 87.7
162.4 87.7
169.2 82.5
160.8 86.1
160.8 86.1
159.5 66.6
159.5 66.6
160.6 75.1
160.6 75.1
178.7 89.7
178.7 89.7
159.6 80.6
175.8 108.9
175.8 108.9
164.9 65.9
163.7 91.9
169.9 90.3
169.9 90.3
158.9 57.6
173.2 91
182.9 87.5
182.5 96.5
173.1 62.3
191.5 119.9
175 157.2
192.6 91.5
152.7 77.2
177.9 89.1
177.9 89.1
158.8 82.5
176.4 122.9
184 73.7
184 73.7
179 101.8
179 101.8
181.1 103.9
181.1 103.9
161.8 60.4
161.3 55.4
166 109.3
166 109.3
154.1 96.9
182.3 100.6
182.3 100.6
156.8 99.2
162.7 69.8
162.8 93.9
162.8 93.9
165.3 61.8
165.3 61.8
165.3 61.8
151.7 57.7
151.7 57.7
159.1 102.4
159.1 102.4
179.3 104
155.6 69.9
187.1 168.8
187.1 168.8
187.1 168.8
184.6 112.2
159.8 72.2
176 113.9
176 113.9
146.6 49.5
160.5 110
180.1 92.9
167.2 97.4
170 96.6
170 96.6
171.7 56.6
159.8 117
185.7 81.1
180.2 115.1
180.2 115.1
165.4 93.4
166.5 58
163.9 70.9
174.2 90.6
179.3 130.7
179.3 130.7
169.8 69.4
186.2 81.6
158.3 50.7
158.3 50.7
173 79.8
161.6 92.7
161.6 92.7
161.6 92.7
175.5 67.8
175.5 67.8
175.5 67.8
173.3 102.8
173.3 102.8
169.8 84
169.3 75.3
176.8 85.6
163.7 112
163.7 112
163.7 112
163.7 112
149 100.5
158.4 65.9
158.4 65.9
156.8 51.9
163.4 81.7
170.7 98.8
170.7 98.8
189.5 124.7
192.6 74.5
192.6 74.5
154.8 68
162.8 65.6
162.8 65.6
179.6 75.7
184.4 69.2
166.3 65.3
166.3 65.3
176.6 86.8
173.5 74.5
156.1 49.3
176 85.6
176 85.6
159.5 72.2
171.7 78
175.1 69.8
167.8 63
167.8 63
167.8 63
170 60.6
167 84.3
163.4 66.9
164.2 56.4
168.5 230.7
168.5 230.7
164.5 62.9
189 116.9
154.7 87.2
148.9 49.1
160.9 109.7
165 93.9
164.7 65.1
166.6 71.5
160.8 71.2
165.9 59.8
185.1 121.4
175.1 76.2
175.1 76.2
165.6 65.5
175.6 160.6
182.9 115.2
167.2 103
163.6 77.1
179.7 79.6
167.8 115.3
164 71.7
164 71.7
169.6 108.7
149.7 77.1
143.6 54.3
173.6 95
161.9 67.9
174.4 113.1
174.4 113.1
174.4 113.1
183.6 72.7
160.4 87.3
177.4 61.8
160.7 89.8
160.7 89.8
154.6 50.3
149.4 96.2
172.4 87.3
172.4 87.3
168.1 66.9
165.8 79.3
165.8 79.3
165.8 79.3
156.7 86.1
160.9 96.4
160.9 96.4
177.2 96.6
177.2 96.6
177.2 96.6
162 63.8
158.6 66.7
158.6 66.7
172.7 99.3
178.9 84.1
178.9 84.1
148.1 43.7
148.1 43.7
148.1 43.7
176.5 63.7
161.9 88
161.9 88
169.6 69.3
160.3 86.6
155.1 50.4
155.1 50.4
155.1 50.4
158.8 57.7
158.8 57.7
170.2 71.8
168.6 79.7
168.6 79.7
168.6 79.7
168.6 79.7
151.4 82.9
163.5 69.3
158.6 53.8
161.7 67.3
161.7 67.3
180 82.6
180 82.6
156.5 101
156.5 101
173.9 93.5
168.7 103
185.3 101.8
164 77.1
164 77.1
183.6 112
177.1 110
170.4 57.6
170.4 57.6
170.4 57.6
159.1 91
170.6 56.5
178.4 87.3
175.8 63.3
159.8 55.7
183.8 97.3
183.8 97.3
177.3 134.7
171 68.6
171 68.6
155.3 61.1
187.3 91.7
187.3 91.7
164.2 58.2
164.2 58.2
165.3 77
165.3 77
163.8 73
176.5 84.4
152.3 84.7
175.6 85.7
165.3 82.6
166.4 98.3
166.4 98.3
162.5 63.7
162.5 63.7
164.1 88.2
164.1 88.2
157.2 78.5
156.7 97.4
160.5 66.9
167.6 58.2
167.6 58.2
167.6 58.2
167.6 58.2
161.8 88.4
186.8 146.7
186.8 146.7
183 99.5
188.5 106.1
166.1 59.1
169.8 101.3
137.3 67.4
168.2 70.8
156.4 61
149 68.5
160.9 73.8
174.1 84.7
169.7 81.5
159.2 51.4
160.8 72.5
176.5 100.1
174.5 102.5
173.9 72
173.9 72
164 93.6
168.6 109.2
165.4 75.6
165.4 75.6
160.9 118.5
176.5 101
176.5 101
180.1 98.6
156.2 68.6
156.2 68.6
173.7 90.5
172.6 70.3
163.6 59.7
163.6 59.7
152.7 112.2
161.7 51
181.5 80
171.4 82.9
177.5 139.1
167.9 145.3
167.9 145.3
164.4 86.9
170.9 96.8
171.4 62.2
162.6 102.9
162.6 102.9
162.6 102.9
151.6 70.8
151.6 70.8
151.6 70.8
172.8 129.9
172.8 129.9
181.4 73.4
164.2 59.4
167.6 60.4
168.7 86.6
158.8 48.1
162.7 84.5
178.5 100
149.4 81.2
149.4 81.2
168.9 78.3
167.5 81.9
177.5 81.9
163.4 52.3
170 84.1
170 84.1
170 84.1
151.7 72.2
151.7 72.2
143.3 68.6
171.6 67.8
171.6 67.8
165.6 77.2
165.6 77.2
169.7 93
164.8 90.2
164.8 90.2
172 74.4
156.5 73.5
172.6 90.6
178.2 61.9
157.6 75.1
157.9 66.8
158.8 78.7
159.2 75.8
159.2 75.8
159.1 131.7
177.1 79.1
178.4 83.6
166.7 75.2
167.7 71.8
167.7 71.8
171.4 85.6
171.4 85.6
174.6 104.4
155.1 61.9
155.1 61.9
171 57.9
181.2 104.5
175.6 100.3
175.6 100.3
175.6 100.3
187.3 118.2
187.3 118.2
187.3 118.2
180.1 70.1
171.1 65.5
174.3 118
174.3 118
174.3 118
161.6 80.2
148 45.3
148 45.3
159.7 53.8
159.7 53.8
159.7 53.8
159.7 53.8
167.1 75.4
176.1 68.1
180 100.1
164.3 48.8
176.3 70.2
183.3 103.8
183.3 103.8
164.3 89.2
194.9 80.7
169.2 74.1
169.2 74.1
161.2 62.7
161.2 62.7
156.6 62.3
175.1 80.3
181.4 131.5
164.9 59.7
164.9 59.7
159.2 82
159.2 82
176.7 83.4
176.7 83.4
176.7 83.4
159.8 48.3
152.1 58.9
163.4 101.8
157.3 92.4
178.9 130.2
178.9 130.2
179.4 60.7
156.4 82
154.7 104.1
152.3 87.2
158.7 60.3
158.7 60.3
158.7 60.3
158.7 60.3
173.1 107
191.6 118
160.2 95.1
155.6 54.7
155.6 54.7
161.6 69.2
184.1 70.3
174.7 160.7
188.4 115.9
173.1 67.9
173.1 67.9
176.7 81.3
169.8 72.5
175.2 85
177.1 95
177.1 95
184.6 76.9
162.1 58
162.1 58
162.8 57.8
162.4 90.2
162.4 90.2
150.6 67.3
160.5 76.9
147.1 54
156.2 58.5
164.2 83.5
157.8 60.1
184.4 96
167.6 76.3
158.8 104.4
156.1 128.8
179.9 71.2
158 77.5
144.9 52.7
164.5 69.8
166.8 79.9
173.5 91.5
173.5 91.5
152.2 85.3
174 77.4
174.6 85.1
174.6 85.1
163.4 98.4
166.6 69
173.5 117.6
173.5 117.6
189.5 92.1
173 83.5
166.7 78.1
166.7 78.1
150.8 109.6
150.8 109.6
185.8 94.7
160.7 105.4
166.1 56
189.8 80.7
189.8 80.7
168.4 83.8
160.2 64.7
167.5 89.6
159.9 49.5
178.7 119.3
178.7 119.3
178.7 119.3
178.7 119.3
157.3 103.3
170.6 137.1
168.6 70.8
168.6 70.8
168.6 70.8
181 118.8
176.8 113
157.4 71.7
157.4 71.7
174.6 60.3
174.6 60.3
180.6 83.8
177.6 111.3
177.6 111.3
177.6 111.3
159.1 81.5
172.2 86.3
172.2 86.3
180.8 72.9
180.8 72.9
180.8 72.9
168 68.9
168 68.9
168 68.9
168 68.9
168 68.9
177.2 57.8
146.6 65.3
146.6 65.3
159.6 64
166.6 79.1
173.2 94.3
179.9 63.9
179.9 63.9
170.7 84.6
161.7 53.5
179.2 85.3
179.2 85.3
165.7 60
169.1 68.1
180.6 93.9
161.3 79.2
161.3 79.2
170.5 120.6
170.5 120.6
170.5 120.6
169.8 75.1
169.8 75.1
176.1 84.1
176.1 84.1
168.2 77.9
177.5 79.9
177.5 79.9
177.5 79.9
165.4 85.3
165.4 85.3
175.6 75.3
148.7 46.6
174.5 107.6
174.5 107.6
159.5 64.7
159.5 64.7
153.1 68.2
157.3 46.1
156.6 53.2
165.6 72.5
180.1 94
180.1 94
178.9 88.7
178.9 88.7
156.7 66.8
153.1 107
153.1 107
153.1 107
153.1 107
166.5 53.1
185.1 69.1
171.2 88.1
168.9 69.7
168.9 69.7
186.2 64.3
168.1 139.8
168.1 139.8
167.8 79.7
182.5 105.1
182.5 105.1
182.5 105.1
182.5 105.1
160.7 92.9
160.9 68.7
156.2 69.1
170.6 95.1
170.6 95.1
169.6 100.2
169.6 100.2
169.6 100.2
160.7 61.5
176.8 84.2
176.8 84.2
169.5 62.8
177.1 97
177.1 97
178.8 92.9
178.8 92.9
158.1 75.7
158.1 75.7
158.1 75.7
153 80.8
176.8 60.4
176.8 60.4
164.3 77.4
166.1 57.3
179.6 126.3
179.5 96.4
156.6 54.8
154.3 75
166.4 60.3
168 73.4
168 73.4
167.3 82
167.3 82
167.3 82
163.5 64.3
158 66.2
139.8 38.5
195.5 105.8
163.8 70.8
178.3 119.1
178.3 119.1
158.2 62.5
162.1 67.6
178.8 94.8
155.6 76
173.6 68
169.4 78.3
152.7 73.8
152.7 73.8
157.3 56.2
175.2 97.3
175.2 97.3
175.2 97.3
175.2 97.3
175.2 97.3
199.2 110.7
199.2 110.7
199.2 110.7
172.1 48.7
172.1 66.4
172.1 66.4
181.4 87.9
151.5 66.7
165 99.5
164.3 70.2
177.2 76.2
177.2 76.2
177.2 76.2
177.2 76.2
160.1 66.6
177.6 145.9
160.5 76.7
186.2 83.2
160.7 118.7
165.8 62.9
166.6 70.5
179.1 73.3
171.3 119.4
171.3 119.4
152.2 46.8
152.2 46.8
182.4 83.7
182.4 83.7
182.4 83.7
175 105.3
170.8 107.2
149 62.4
168.8 106.5
172.8 137.1
158.7 91.2
189.9 130.6
157.9 53.8
160 45.6
160 45.6
168.6 72.1
191.1 115
191.1 115
175.7 80.3
175.7 80.3
160.9 73.9
160.4 105.7
168.4 62.5
168.4 62.5
172.1 87.3
157.8 68.7
157.8 68.7
159.8 63.3
158.6 160.7
161 85.6
161.8 79.4
185.1 140.8
176.3 121.2
176.3 121.2
153.4 58.5
153.4 58.5
171.8 88.2
172.6 114
172.6 114
145.2 51.2
176.4 80.7
176.4 80.7
175.9 62.6
162.8 66
162.8 66
179.8 75
181.3 120.4
181.3 120.4
178.8 88.9
169.1 61.3
169.1 61.3
168 72.1
178.5 53.3
178.5 53.3
178.5 53.3
161.2 64.7
183.3 75.5
163 80
163 80
162.1 53.2
162.1 53.2
168.3 77.4
161.7 78.5
161.1 96.3
179.8 90.7
155 105.8
178.7 98.4
178.7 98.4
178.7 98.4
164.7 66.3
164.7 66.3
171.2 79.4
175.7 95
175.7 95
171.1 98.7
170.9 73
149 66.3
181.3 108.5
181.3 108.5
173.1 95.4
170.6 95.6
170.6 95.6
170.6 95.6
179.2 92.8
179.2 92.8
157.2 67
166.5 81.8
164.9 61.5
164.9 61.5
164.9 61.5
162.2 105.3
170.1 60
170 86.3
157.5 64.2
164.1 50.8
164.1 50.8
168.5 63.9
168.5 63.9
162.4 76
162.4 76
162.4 76
166.3 85.8
183.3 99.5
181.3 88.6
167.9 57.5
172.9 80.5
176.5 92.5
166 69.3
164.7 100.3
174 107.2
174 107.2
174 107.2
157.4 72.3
164.5 69.4
180.1 79.7
153.5 75.9
160.9 88.6
170.1 71.2
170.1 71.2
170.2 75.8
157.9 60.9
148.2 84.7
159.9 105
175.6 59.3
183.2 107.4
183.2 107.4
177.2 74.1
161.7 84.7
162.3 63.9
168.9 76.9
173.9 73.7
173.9 73.7
159.3 60.6
165.8 60.3
165 97.6
165 97.6
165 97.6
171 137.6
179.9 98.9
170 69.6
164.3 81.2
164.5 111.4
164.5 111.4
181.4 94.4
174.4 86
174.4 86
170.9 70.4
179.2 87.3
179.2 87.3
159.9 109.3
169.7 92.2
169.7 92.2
184.6 121.2
181.5 117.3
181.5 117.3
181.5 117.3
181.5 117.3
181.5 117.3
183.7 86.1
183.7 86.1
183.7 86.1
183.7 86.1
179.3 70.6
179.3 70.6
165.9 52.4
180.8 92.4
169.3 88.7
185.7 110.8
164.3 97.8
164.3 97.8
179 68.8
155.9 61
155.9 61
164.2 77.1
164.2 77.1
164.2 77.1
171.1 95.3
159.6 40.7
159.6 40.7
159.6 40.7
151.8 68.5
163.1 97.2
161.1 108.5
161.1 108.5
174.4 77.8
167.2 56.9
160.5 78.3
151.6 77
177.2 137.3
176.5 88.6
176.5 88.6
150.9 62.1
165.5 57.5
157.5 64.8
173.3 85.8
166.7 69.6
166.7 69.6
166.7 69.6
169.2 103
169.9 73.7
166.6 70.3
154.1 43.7
183.7 108.5
183.7 108.5
166.5 80.1
164.2 57.1
177.4 106
182.1 111.6
182.1 111.6
182.1 111.6
171.1 72
173.8 56
171.2 84.3
171.2 84.3
171.2 84.3
171.2 84.3
164.5 112.4
181.8 107.8
155.7 51.6
155.7 51.6
155.7 51.6
147.5 74.5
163.8 66.4
163.8 66.4
170.3 80.3
183.8 91.1
166.6 80
166.6 80
166.6 80
165.1 84.5
167.6 44.9
173.7 99.1
169.8 80
169.8 80
169.8 80
186.7 126
152.7 152
158.3 81.1
158.3 81.1
158.3 81.1
152.9 75.4
170.2 75.6
170.2 75.6
170.2 75.6
168 72.7
170 65.8
171.8 79
176.4 134.7
156.2 94.1
156.2 94.1
155.5 65.4
155.5 65.4
172.8 78.1
172.8 78.1
173.3 100.2
173.3 100.2
157.4 43.1
157.4 43.1
186.8 203
179.1 68.7
150.2 62.3
154.3 76.7
179 87.1
166.3 113.7
166.3 113.7
180.5 84
180.5 84
177.4 90.7
177.4 90.7
177.4 90.7
157.4 69.1
163.6 73.1
163.6 73.1
172.6 136.2
172.6 136.2
160.2 61.5
177 98.3
172.9 66.6
172.9 66.6
178.8 115.7
169.4 95.2
176.5 129.7
182 83
157 63.8
162.3 70.4
162.3 70.4
174.2 75.2
174.2 75.2
174.1 87
169 59
169 59
169 59
172 92.6
163.1 92.6
177.4 91.3
174.1 64.1
171 63.3
162 53.3
182.6 90
182.6 90
153.6 74.2
154.1 127.7
176.7 65.4
174.2 77.1
166.9 74.5
150.9 63.9
184.1 69.3
143.8 46.4
174.1 82.5
166.6 105.2
155.6 55.6
157.1 77.2
173.4 89.4
173.4 89.4
160.8 52.1
182 90.5
182 90.5
170.5 85.7
160.9 80.8
177.4 74.5
177.4 74.5
177.4 74.5
180.4 62.6
180.4 62.6
162.8 82.8
161.6 77.8
161.6 77.8
169.7 99.3
169.7 99.3
171.3 85.3
188.6 87.1
167.7 147.2
178.7 87.4
163.1 57.2
156.5 76.9
156.5 76.9
182.3 94.5
173.2 80.4
168.4 124.1
163.3 84.5
160 72
160 72
183 161.7
179 114.6
161.6 70
157.7 63.6
161.9 69.8
159.4 67.7
150.6 67.8
162 74
155.7 78.4
155.7 78.4
187.5 113.3
157.6 115.8
192.3 109.9
170.6 84.1
170.6 84.1
170.6 84.1
170.6 84.1
190.5 120.5
190.5 120.5
162 98.3
147.6 51.1
179.8 110.2
168.9 96.9
168.9 96.9
159.7 63.4
169.6 106
169.6 106
163.5 89.5
161.4 82.7
161.4 82.7
181.3 77.7
171.4 77.4
171.4 77.4
176.3 96.7
172.1 93.6
169.5 119.2
169.5 119.2
172.9 69.8
182.7 90
181.1 75.6
175.8 74.9
153.4 63.4
172.2 146.4
145.2 48.6
160.5 99.3
160.5 99.3
160.5 99.3
168.4 79.2
171.4 82.3
185.4 113.5
181.5 106.6
181.5 106.6
188.6 159.1
161.2 88.8
161.2 88.8
168.6 58.7
164.1 72.4
157.1 60.8
162.1 63
158 67.3
163.1 94.6
163.1 94.6
168.3 96.6
168.3 96.6
168.3 96.6
169.9 71.3
159.6 102.2
159.6 102.2
159.6 102.2
171.7 71.7
187.5 128
166.6 120.5
159 68.1
162.8 73
162.8 73
162.8 73
156.3 55.1
158 66.3
160 72.3
160 72.3
179 89.8
172.9 90.1
159.9 52
159.9 52
159.9 52
159.9 52
179.3 75.9
179.3 75.9
188.3 128.3
183 161.5
183 161.5
183 161.5
168 91
175.7 62.3
162 70.1
168.9 88.5
168.9 88.5
168.7 75.3
168.7 75.3
168.7 75.3
181.8 81.3
163.6 109.1
167.9 72.5
167.9 72.5
167.9 72.5
157.7 76.6
176.4 77.6
175 62.2
175 62.2
175.4 84.7
180.3 81.8
164.2 100.8
184.8 89.5
184.8 89.5
171.6 85.8
170.8 78.3
170.8 78.3
185.2 90.8
170.3 70
170.3 70
180.2 128.3
180.2 128.3
149.5 50.3
166.4 61.2
186.2 98.8
186.2 98.8
158.6 77.8
182.1 80.3
182.1 80.3
169.8 102.7
162.2 94.4
167.9 77.2
175.7 65.5
175.7 65.5
155.7 96
160.5 58.7
145.1 62.1
145.1 62.1
178.2 80.2
168 102.6
177.3 69.4
177.3 69.4
182.5 110.6
165.3 105.2
157.2 67.3
157.2 67.3
154.5 52.3
154.5 52.3
154.5 52.3
154.5 52.3
168.3 73.3
171.3 82.4
171.3 82.4
161.6 58.1
161.6 58.1
161.6 58.1
161.6 58.1
179.7 80.5
162.7 69.4
162.7 69.4
150.2 49.6
155.3 103.1
186.8 104.9
186.8 104.9
173.5 97.1
173.5 97.1
166.2 80.3
147.3 79
160.3 56.3
160.3 56.3
161.5 69.5
170.6 90.5
167.6 56.7
167.6 56.7
189.1 101.7
189.1 101.7
167.8 137.6
167.8 137.6
167.8 137.6
176.9 105
176.9 105
176.9 105
166.6 63.9
184.2 83.4
163.9 144.6
163.7 83.3
170.3 128.8
172.8 54.7
168.1 80
153.9 108.3
175.7 91.6
179.5 117.1
149.1 59.1
159 111.6
180.3 115.9
180.3 115.9
161.2 65.2
145.6 67.8
176.7 97.2
176.7 97.2
160.6 70.2
160.6 70.2
175.6 96.7
175.6 96.7
177.8 117.4
177.8 117.4
177.8 117.4
175.5 90.9
163.5 61.5
163.5 61.5
163.5 61.5
174.9 82.1
174.9 82.1
174.9 82.1
182.9 82
162.9 65.7
162.9 65.7
167.1 52.5
142.6 57.3
172.9 75.7
161.5 75.6
161.5 75.6
161.5 75.6
153.5 48.2
160.4 63.4
158.3 53
158.3 53
161.4 69.2
161.4 69.2
151.5 80.7
176.9 128.3
176.9 128.3
166 81.5
166 81.5
183.1 99
189.2 89.6
165.8 71.2
172.2 97.6
156.9 71.9
182.2 105.6
174.1 63.4
152.7 64
175 81.8
168.2 71.5
175.9 107.3
175.9 107.3
170.4 94.9
160.8 54.4
160.8 54.4
183.3 134.8
173.2 92.8
177.1 75.9
165.2 90.1
154.4 85.3
157.1 79.9
166.6 77.8
161.5 69.7
155 74.8
177.3 84.6
175.7 104.6
179.3 74.2
179.3 74.2
178.5 105
177.5 83.2
150.8 57.1
187.1 89.6
179.2 89.3
184.1 90.8
168.3 113.7
184.9 81.9
184.9 81.9
184.9 81.9
184.9 81.9
181.1 80.1
160.9 54.6
157.8 49.2
179.9 90.3
179.6 95.3
154.4 53.1
154.4 53.1
157.5 166.1
156.6 49
156.6 49
156.6 49
172.7 74
172.7 74
172.7 74
176.5 81.3
176.5 81.3
176.5 81.3
176.3 74
180.7 75.8
156.7 77.7
168.6 61.1
175.6 82.1
186.8 124.3
171.7 89.1
171.7 89.1
153.8 68.9
168.4 67.6
168.4 67.6
179.4 86.3
152.6 67.9
152.6 67.9
163.6 93.8
172.5 84.7
173.6 106.6
173.6 106.6
170.9 78
173.1 71.5
180.7 94
180.7 94
180.7 94
158.2 50.3
174.2 69.1
174.2 69.1
171.2 64.6
173.4 88.3
173.4 88.3
183.7 88
168.2 65.9
184.9 146.5
154.8 86.2
175.8 97.6
167.5 123.8
165.4 74.5
157.6 59.1
178.8 64.3
178.8 64.3
178.8 64.3
178.8 64.3
188.2 85.4
174.5 100
179.1 89.8
179.1 89.8
179.1 89.8
161.3 62.5
180.9 114.6
180.9 114.6
152.2 51.3
148.4 63.6
173.4 73.7
173.4 73.7
173.4 73.7
148.9 61.8
181.8 101.7
181.8 101.7
181.8 101.7
146.6 68.4
165.1 74
152.4 64.1
152.4 64.1
152.4 64.1
178.5 108
168.4 82.2
168 92.1
168 92.1
168 92.1
168 92.1
168 92.1
158.6 68.5
157.4 60.4
157.4 60.4
152.1 67.7
152.1 67.7
179.3 104.5
161.7 69.7
169.5 68.4
169.5 68.4
169.5 68.4
162.1 56.2
161.8 61
168.1 78.1
150.3 58
158.2 53.6
165.3 105.4
165.3 105.4
177.4 102.3
180.9 136.3
180.9 136.3
180.9 136.3
171.6 68.9
154.2 76.5
170.3 55.4
156.1 61.7
182.1 69.9
162.8 58.6
186.1 116.4
186.1 116.4
170.3 75.5
170.3 75.5
170.3 75.5
164.5 82.1
164.5 82.1
149.9 62.5
157.8 77.5
159 115.4
177.2 103.2
173.2 72.1
173.2 72.1
180.7 67.6
178.1 104.4
178.1 104.4
156.7 59.5
180.6 110.4
164.2 79.8
160.7 61.6
160.7 61.6
164.4 75.3
156.5 52.1
168.8 81.3
174.9 65.3
174.5 78.2
174.5 78.2
160.1 68.9
167.2 72.8
167.2 72.8
167.2 72.8
171 70.9
171 70.9
171 70.9
171 70.9
169 73.2
179.9 102.4
185.1 62.4
185.1 62.4
154.2 76.2
188.9 74.1
171.2 65.9
171.2 65.9
162.8 70
179.9 82.6
179.9 82.6
178.5 115
162.8 56.3
162.8 56.3
162.8 56.3
162.8 56.3
160.1 62.5
160.1 62.5
154.3 58
194.9 102.5
154.9 84.8
154.9 84.8
163.9 66.8
163.9 66.8
170.2 91.1
168.1 70.3
168.1 70.3
168.1 70.3
168.1 70.3
175.9 76.4
169.8 62.1
183.9 83.7
183.9 83.7
175 118.3
158.3 115.4
162.8 72.5
173.1 101.9
173.1 101.9
170 90.4
174.4 123.2
183.3 80.8
181 62.6
181 62.6
164.9 73
168.2 115.1
168.2 115.1
168.3 82.8
195.9 131.7
168.4 91.1
192.5 73.4
167.1 138.1
158.1 93.3
164 65.9
164 65.9
164 65.9
160.4 67.4
163.4 67.4
163.4 67.4
159.9 78.2
188 96
165.6 88.5
158.3 109.1
157.3 98.8
157.6 70.2
192.6 111.1
173.7 77.2
166.7 70.3
157.4 64.7
174.2 68.4
194.9 122.6
171.5 73.8
167.6 85.4
180 110.7
180 110.7
165.1 58
169 71.6
185.8 116.9
171.7 67
171.7 67
171.7 67
160.8 87.2
172.9 70.5
186.8 81.4
148 70.9
185.9 81.3
179.2 93.7
156.1 77.2
154.9 51.7
179.6 93.5
159.2 82.3
157.4 73.4
182.6 95.3
167.9 85.2
174.4 86.6
173.2 109.7
173.2 109.7
173.2 109.7
158.4 102.6
173.2 68.3
180.7 78.7
154.8 66.6
154.8 66.6
173.9 76.5
150.2 75.5
166.1 87
156.3 43.5
156.3 43.5
165.2 91.5
165.2 91.5
163 75.5
163 75.5
174.7 87.6
174.7 87.6
174.7 87.6
165.5 75.2
165.9 56.5
178.3 114.3
178.3 114.3
175.9 69.5
183.6 92.6
161.3 61.8
161.3 61.8
161.3 61.8
170.8 63.6
150.6 89.1
168.3 106
168.3 106
168.3 106
168.3 106
166.9 83.4
180.9 78.9
165 92.1
166.9 83.3
166 58.8
166 58.8
159.7 77.1
172.8 95.1
165.8 63.5
165.8 63.5
162 97
162 97
180.2 132.6
180.2 132.6
172.1 66.3
172.1 66.3
157.5 58.4
161.9 76.3
157.9 51
157.9 51
157.9 51
168.9 55.4
159.8 80.6
159.2 56.5
162.2 58.7
161.6 83.4
158.3 73.4
173.4 106.1
173.4 106.1
171.1 95.6
183.3 91.1
157.4 92.6
188.6 87.1
167.4 84.4
164.8 94.7
163.6 91.4
163.6 91.4
184 86.7
147.7 104.7
184.5 114.3
184.5 114.3
153.5 53.4
183.5 76.2
186.8 81.8
163.6 71
162.3 69
170.5 86.3
170.5 86.3
170.5 86.3
153.7 61.5
179.5 110.8
179.5 110.8
179.5 110.8
176.6 113.6
176.6 113.6
173.8 68
173.8 68
173.8 68
171.6 67
171.6 67
154.9 65.9
181.1 97.4
176.6 65.3
177.4 111.4
167.4 58.9
144.3 76.1
161.7 61.9
164.9 74.3
164.9 74.3
164.9 74.3
178.2 75.4
179.3 95.8
179.3 95.8
158.5 71.1
179.6 62.1
179.6 62.1
151.7 41.7
174.8 64.6
174.8 64.6
179.5 102.8
155.3 93.1
155.3 93.1
178.9 78.1
168.9 79.9
169.6 133.2
163.7 109.1
168.1 80.8
147 63.9
165.4 78.5
166.5 124.4
150.6 64.5
175 117.4
175 117.4
175 117.4
160 76.6
159.4 71.5
159.4 71.5
168 57.4
177.2 88.6
171.9 79.4
168.5 125.5
175.7 73.6
176.6 74.7
164.1 67.2
164.1 67.2
164.1 67.2
161.3 66
160.3 70.8
180.3 71.8
159.7 93.1
173.9 65.3
163 106.9
159 67.1
159 67.1
159 67.1
173.3 103.1
173.3 103.1
174.3 75.6
156.3 52.3
176 98
176 98
144.4 75
160.3 55.3
160.3 55.3
160.3 55.3
194.2 105.1
194.2 105.1
194.2 105.1
176.2 121
167.4 90.3
167.4 90.3
153 75.3
153 75.3
163.7 54.4
173.4 98.5
152.8 104.3
163.2 67.7
163.2 67.7
163.2 76.2
185.6 103.4
185.6 103.4
190.7 103.7
154.8 69.6
179.8 130.6
175.1 108.4
160.5 75.9
155.1 57.1
155.1 57.1
177.7 75.6
155.5 114.5
171.7 98.5
167.7 81.4
183.9 141.7
149.1 73.7
158 114.9
185.2 102.9
170.7 82.4
171.3 93.8
170 79.1
171.9 101.9
171.9 101.9
154.5 77.9
154.5 77.9
154.5 77.9
166.6 78.3
166.6 78.3
182.1 86.5
182.1 86.5
159.5 57.6
151.7 76.6
163.2 91.1
171.2 116.3
171.2 116.3
171.2 116.3
154.2 72.4
178.2 87.2
178.2 87.2
160.5 68
160.5 68
160.5 68
150.9 53.2
157.2 53
181.5 84.5
161.7 60
173.4 129.2
162.6 81.4
185.3 91.7
155.8 65
155.8 65
185.9 100.7
156.6 52.9
156.6 52.9
180.1 60.9
168 88.3
187.8 128.3
165.9 70
167.4 66.7
167.4 66.7
164.2 53.2
173.4 81.3
163.6 81.4
180.9 89
177.4 94.3
161.2 145.4
175.7 74.2
179.3 104.7
179.3 104.7
162.8 90.6
162.8 90.6
162.8 90.6
166.5 132.7
175.7 78.3
159.1 52.8
176.5 72.1
176.5 72.1
178.9 99.4
160.3 116.8
182.6 76.8
182.6 76.8
170.7 92.5
147.6 40.8
165.5 61.1
179.6 77.7
165.8 92.6
169.9 72.2
157.6 64.2
166.3 73.6
170.8 104.1
174.1 105.9
155.7 44.1
155.7 44.1
159.1 77
161.3 52.1
183.4 99.4
178.1 79.3
178.1 79.3
159.1 49.5
166.4 50.8
164 49.4
190.7 111.9
190.7 111.9
190.7 111.9
190.7 111.9
151 76.3
171.6 100.1
160.5 74.8
153.8 51.6
153.8 51.6
173.1 92.7
163.2 51.5
172.7 89.7
172.7 89.7
168.2 77.4
178.2 146.9
180.1 78
169.1 82.5
169.1 82.5
169.1 82.5
156.8 105.1
181 84.6
181 84.6
164.3 85.1
170.5 73.7
170.5 73.7
175.3 83
175.3 83
186.3 108.4
186.4 104.5
183 75.2
183 75.2
183 75.2
183 75.2
157.8 117.3
161.7 96.5
186.8 67.9
186.8 67.9
186.8 67.9
186.8 67.9
139.9 79.8
176.6 77.7
176.6 77.7
187 73
163.7 45.3
157.9 92.5
157.9 92.5
157.9 92.5
157.9 92.5
157.9 92.5
174.8 86.8
156.7 65.6
173.5 63
173.5 63
176.2 60.7
166.6 54.6
160.9 84.4
173.1 76
183.1 90.8
176.3 89
167.7 102.9
166.8 58.8
174.2 68.4
174.2 68.4
174.2 68.4
171.2 57.3
171.2 57.3
164.5 63.4
164.5 63.4
172.1 67.2
163.1 68.3
163.1 68.3
163.1 68.3
155.7 54.1
156.2 104.5
181.3 112
181.3 112
181.3 112
170.7 79.5
151.7 65.5
161 91.4
177.8 90.4
177.8 90.4
174.4 91.7
174.4 91.7
169.8 100.4
172.9 113.1
181.7 114.5
181.7 114.5
181.7 114.5
181.7 114.5
169.8 72.1
169.8 72.1
159.8 64.8
158.1 61.7
170.5 98.7
153 77.8
173.7 78.8
154.9 68.7
143.1 76.5
168.9 120
164 73.7
165 67
165 67
176.8 80.6
154.3 62.6
157.9 68.6
169.9 73.9
169.9 73.9
169.9 73.9
169.9 73.9
169.9 73.9
184.8 140.6
184.8 140.6
156.9 70.6
156.9 70.6
165.2 73.2
174.1 84.6
175.5 85.7
175.5 85.7
191.8 137.9
175.3 87.4
175.3 87.4
175.3 87.4
168.3 65.4
174.3 83.5
148 68.5
148 68.5
148 68.5
181.7 79.9
180.7 89.6
177.4 94.3
175.4 83.1
175.4 83.1
166.4 114.3
166.4 114.3
166.4 114.3
164.6 64.9
163 68.1
159.9 40.4
159.9 40.4
178.8 88.7
160 73.1
160 73.1
172.7 62.9
151.4 59
171.6 95.4
181.1 99.7
165.8 86.6
177.5 82.1
177.5 82.1
171.6 84.2
176.6 83.7
160.2 82.7
185.3 82.7
171.2 97
171.2 97
171.2 97
171.2 97
157.7 80.1
159 53.5
147.4 54.6
165.3 71.9
166.7 73.1
166.7 73.1
166.7 73.1
173 55.4
173 55.4
173 55.4
178.4 100.5
178.4 100.5
178.4 100.5
165 69
161.9 55
148.6 46.2
176.4 83.7
176.4 83.7
167.9 90.1
173.1 95.7
156 84.2
184 72.1
184 72.1
175.8 100
176 126.2
176 126.2
176 126.2
154 88.3
154 88.3
154 88.3
154 88.3
183.7 93.7
175.4 54.9
171.3 66
159.8 58.5
159.8 58.5
159.8 58.5
158.1 61.4
158.1 61.4
158.1 61.4
155.8 98.9
171.6 62.3
171.6 62.3
166.2 83.9
166.2 83.9
171.5 76.9
171.7 77.3
171.7 77.3
153.2 61.7
174.6 92.8
167 73.5
156.2 64.3
156.2 64.3
187.4 91
187.4 91
165.4 47.6
155.2 70.5
155.2 70.5
176.6 86.4
175.1 126.7
175.1 126.7
155.7 62.7
192 105.9
192 105.9
153.5 55.2
165.6 82.9
172.9 78.3
152 50.1
164.1 83.8
164.1 83.8
158.9 97
173.2 85.8
149.4 90.5
168 130.6
166.6 99.4
166.6 99.4
162.5 84.2
161 80.6
161 80.6
166.9 63.6
166.9 63.6
188.5 145.1
188.5 145.1
188.5 145.1
160.8 80.5
174.9 97
174.9 97
174.9 97
179.5 79.7
153.5 57.4
172.7 83.9
171.8 59.8
169.6 99.1
169.6 99.1
162.1 85.2
162.1 85.2
162.1 85.2
162.1 85.2
162.1 85.2
158.7 49.9
166.6 92.6
169.3 113.6
169.3 113.6
175.7 81.3
175.7 81.3
175.7 81.3
181.5 102.7
181.5 102.7
181.5 102.7
181.5 102.7
169.3 70.8
175.3 65.5
171.9 88.8
171.9 88.8
166.9 64.5
166.9 64.5
170.8 57
170.8 57
173.2 75.4
173.2 75.4
181 83.6
186.3 83
166.8 51.9
168.9 65.1
166.6 72.3
166.6 72.3
174.3 103.8
174.3 103.8
153.7 55.2
161.1 64.5
154.7 75
154.7 75
154.7 75
171 79.3
171 79.3
167.8 84.5
177.3 115.8
177.3 115.8
179.8 75.1
179.8 75.1
156.5 75.2
150.9 50.1
158.3 46.9
158.3 46.9
158.3 46.9
171.7 98.7
161.7 71.1
169.2 65.2
174 89.6
165.9 84.8
162.7 45.6
179.2 82.1
179.2 82.1
180.5 95.8
180.5 95.8
194.5 124.2
156.6 51.3
166.7 66.1
169.9 73.8
170 96.8
170 96.8
170 96.8
181.5 80.6
196.6 95.5
155 63.7
187.2 94
166.5 71.6
169.6 72.4
169.6 72.4
169.6 72.4
166.5 71.3
159.5 73.7
166.4 78.8
166.4 78.8
153.7 77.3
153.7 77.3
167.5 72.8
167.5 72.8
175.7 92.2
188.3 131.3
188.3 131.3
169.2 65.1
169.2 65.1
182.5 99.3
182.5 99.3
182.5 99.3
157 39.1
183.3 109.5
171.5 75.7
171.5 75.7
177 91
177 91
176.1 66.9
174 70.4
162.7 63.9
146.4 63.4
163.6 85.1
148.2 49.8
162.9 58.1
159.8 64.7
169.3 70.4
180.2 137.6
157.2 70.1
157.2 70.1
157.2 70.1
157.2 70.1
154.5 41.5
168.3 92.4
180.3 92.4
164.3 64.8
176.8 85.5
176.8 85.5
171.9 75.9
171.9 75.9
188.7 113.9
176.2 66.7
176.2 66.7
170.5 61.1
170.5 61.1
177.4 104.9
186.2 83.8
175.2 92.3
175.4 90.8
163.9 82.3
169.6 77.4
161.9 73.2
173.3 109.3
173.3 109.3
173.3 109.3
173.3 109.3
168.1 126.4
179.2 77.3
179.2 77.3
179.2 77.3
168.9 65.2
170 69.1
176.3 78.2
164.2 122.6
177.1 83.1
172.6 77.9
199.6 105.3
199.6 105.3
172.3 81.7
156.7 58.4
180.2 83
156.7 53.7
156.7 53.7
165.6 82.6
165.6 82.6
159.9 59.6
180.8 145.2
175.6 73
147.1 58.3
163.4 85
163.4 85
156.4 79.2
167.2 67.5
167.2 67.5
167.2 67.5
175.2 63.5
178.7 108.7
178.7 108.7
153.2 70.6
179.6 72.7
153.2 99.7
153.2 99.7
179.7 69.6
179.7 69.6
168.7 63.3
168.7 63.3
168.7 63.3
160.9 69.2
180.4 65.7
180.9 107.2
180.9 107.2
180.9 107.2
179.3 94.8
178.9 100.3
169.9 87.4
163.9 48.4
163.9 48.4
165.6 58
162.3 83
168.3 66.6
163.3 53
180.7 98.6
166 69.4
166 69.4
175.2 70.2
154.4 90.8
175.9 82.4
175.9 82.4
181 75.9
162.7 112.2
177.8 110
163.5 91.8
164.8 78
159 87.1
168.9 68.5
167.1 89.1
185.9 87.9
185.9 87.9
147.9 68.3
175.3 105.5
162.6 57.1
182.5 77.7
159.6 67.5
174.8 90.3
174.8 90.3
174.8 90.3
174.8 90.3
170.2 87.3
172.4 79.7
162.7 57.9
162.7 57.9
158.2 78.1
158.2 78.1
154.5 51.1
169.7 102.9
172.6 90.3
157.2 50.1
157.2 50.1
154.8 83.1
154.8 83.1
157.3 54.3
159.8 67.9
188.8 118
188.8 118
185.3 120.8
180.5 109.1
180.5 109.1
161.2 74
174.4 80.9
181.8 89.3
181.8 89.3
179.5 75.7
162.4 85.7
168.4 69.1
156.9 49.9
180 80.1
171.7 76.2
171.7 76.2
171.7 76.2
171.7 76.2
177.8 90.6
177.8 90.6
166.9 84.6
161.2 67.9
171.2 81.4
158.4 74.8
164.1 129.1
179.1 87.5
179.1 87.5
180.5 122.9
184.5 124.2
191.1 90.3
168 76.7
164.2 108.3
190.8 95.9
161.8 62.5
158.5 60.9
167.4 95
176.5 58.8
165.5 70.3
182.4 78.9
158.9 47.1
161.3 64.3
153.2 88.7
176.4 105
172.5 88.6
172.5 88.6
170 69.8
155.3 64.3
163.7 53
163.7 53
163.7 53
167.4 81.2
168.9 60.3
168.9 60.3
168.9 60.3
168.9 60.3
167.8 91.9
168.5 85.7
163.7 87.5
169.3 94.2
163.7 79.4
174.6 118.1
177.9 85.6
177.9 85.6
160.4 69.5
183 139.1
186.9 127.3
182.9 71.6
175.2 76.1
167.6 86.5
175.7 119.9
166.1 134.3
166.3 79.8
166.3 79.8
170.4 98.5
170.4 98.5
161.7 82.9
161.7 82.9
170.5 89.4
170.5 89.4
179.5 84.1
165.6 73.9
161.4 73.9
161.4 73.9
161.4 73.9
163.7 65.8
168.7 81.3
160.6 91.5
161 103.8
161 103.8
161.1 53.4
161.1 53.4
184.8 63
181.2 84.4
164.4 69.2
155.6 98.8
160.7 77.3
160.7 77.3
165.8 75
149.4 64.9
149.4 64.9
164.4 75.9
178 72.1
143.9 53
155.3 86.6
171.1 75.6
163.7 76
171.1 78.6
173.2 79.3
164.3 125.3
166.6 108.1
169.7 81.2
183.4 134.8
163.1 66.7
184.4 86.6
165.8 43.9
167 72.6
163.9 81.3
157.5 106.7
171.5 68.5
171.5 68.5
157.9 82.5
175.3 68.1
175.3 68.1
162.4 93.5
162.4 93.5
162.4 93.5
144.4 61.8
144.4 61.8
166.1 78
166.1 78
169.7 98.6
161.6 61.4
157.8 83.6
157.5 104.6
161.8 60.3
161.8 60.3
163.2 91.7
154.5 68.8
154.5 68.8
157.1 50.8
169.5 73.6
163.7 81
163.7 81
175.2 75.3
172.7 112.6
172.7 112.6
166.5 66.4
166 79
165.3 179.3
158.2 46.6
166.9 114.3
164.9 66.4
164.9 66.4
187.4 83.8
187.4 83.8
171.5 95.5
168.3 57.7
168.3 57.7
187.1 103.6
187.1 103.6
187.1 103.6
155 98.2
179.3 75.6
163.8 101.1
158.9 61.3
182.4 80.9
173.9 58.2
178.6 86.8
173 101.3
179 90.4
163.3 64.9
150.3 75.5
159.2 72.7
171.8 83.6
148.3 58.1
171.9 122.5
179.8 103
159.4 79.5
159.4 79.5
159.4 79.5
157.1 57.2
157.1 57.2
168.4 98.3
162.8 88
161 86.4
183.2 65.8
150.2 52.6
179.1 121.8
178.6 73.5
178.6 73.5
178.6 73.5
178.6 73.5
165.9 81.1
165.9 81.1
175.9 65.8
175.9 65.8
175.9 65.8
145.7 54.5
177.7 70.6
177.7 70.6
160.3 51.2
160.3 51.2
181.9 80.6
171.4 80.3
165.2 44.7
175 101.6
175 101.6
175 101.6
170.5 59.1
156.5 102.6
156.5 102.6
155.7 62.3
161.3 60.1
161.3 60.1
161.3 60.1
153.8 81.1
154.5 66.1
180.6 84.6
179 66.6
179 66.6
159.4 81
159.4 81
163 62
163 62
165 68.5
161.5 49.4
148.9 54.6
148.9 54.6
151.1 63.6
151.1 63.6
163.3 77.6
166.1 82.5
167.8 135.4
155.9 91.8
173.8 75.5
173.8 75.5
168.9 67.1
167.9 61.2
161.7 70.5
160.1 115.3
160.8 70.9
160.8 70.9
160.8 70.9
181.8 89.9
186.3 103.4
175.1 77.9
175.1 77.9
175.1 77.9
191.2 82.8
191.2 82.8
191.2 82.8
177.1 93.9
177.1 93.9
157.7 58.6
166.7 84.8
166.7 84.8
180.4 91.8
176.9 79.6
162.7 77.3
160.4 64.5
160.4 64.5
188 119.9
175.1 71.8
175.1 71.8
175.1 71.8
175.1 71.8
175.1 71.8
153.2 54.6
153.2 54.6
153.2 54.6
162.9 50
163.1 64.5
167.7 99.1
167.7 99.1
149.6 58.2
177.2 92.7
176.3 116.6
176.3 116.6
176.3 116.6
177.3 73.1
170.6 77.8
165.5 117.4
165.5 117.4
167.4 78.1
167.4 78.1
159.4 70.1
159.4 70.1
162 84.1
162 84.1
169.8 76.1
156.4 80.9
156.7 100.3
177.2 55.4
177.2 55.4
166.8 65.6
166.8 65.6
161.2 75.5
149.6 49.5
160.2 82.2
167.3 78.7
162 96.2
170.5 84.1
189 95.5
189 95.5
189 95.5
164.4 63.6
164.4 63.6
161.2 68.2
164 61.7
164 61.7
167.6 74.4
167.6 74.4
155.9 37
179.1 123.2
176.9 74.7
166 72.5
150.5 44.4
154.8 62.3
175.5 65.6
180.3 77.9
171.8 74.4
171.8 74.4
162.8 64.2
174.5 81
174.5 81
179.7 121.4
179.7 121.4
179.7 121.4
179.7 121.4
169.6 67.9
169.6 67.9
173.4 70.1
169.7 74.2
162.6 64.2
169.8 103.2
175.2 75.5
175.2 75.5
167.8 79.9
167.8 79.9
164.1 78
168.5 54.6
168.5 54.6
148.2 48.7
167.5 78.7
167.5 78.7
167.5 78.7
163.6 56.1
165.2 50.1
165.2 50.1
160.3 71.4
152.1 61.2
169.3 72.3
172.5 87.2
177.4 71.7
185.5 56.8
175 87.2
178.8 103.3
180.3 110.5
172.7 75.2
172.7 75.2
165.4 51
165.4 51
165.4 51
168.3 93.2
165.6 93.9
161.9 102.5
177 93.3
174.4 76.3
181.8 105.8
159.1 114.9
172.4 95.5
172.4 59.7
172.4 59.7
172.4 59.7
172.4 59.7
158.8 80.6
176.2 121.4
162.4 71.9
158.2 66.5
177.6 84.6
177.6 84.6
177.6 84.6
180.1 88.5
178.4 66.6
178.4 66.6
178.4 66.6
172.1 87.4
180.3 93.7
178.2 118.5
184.3 119.1
159 88.7
180 83.6
191.2 78.5
178.8 77.2
166.3 57.5
167.2 74.1
167.2 74.1
168.6 78.1
183.3 99.2
161.7 84.8
175.1 68.3
175.1 68.3
175.1 68.3
173.9 55
173.9 55
173.9 55
173.9 55
156.3 93.8
156.3 93.8
156.3 93.8
156.3 93.8
178.5 112.1
178.5 112.1
168.1 97
166.7 164.5
153.9 52.1
153.9 52.1
170.6 67.5
176.8 76
176.8 76
156.7 69.8
166.8 88
163.5 63.5
176.9 80.4
186.8 223
186.8 223
193.8 138.6
155.1 49.9
155.1 49.9
155.1 49.9
159 83.1
182 68.6
175.9 84.1
180 112.1
180 112.1
180 112.1
180 112.1
177 101.7
168.7 83.1
161.7 78.6
161.7 78.6
175.7 75.5
175.7 75.5
163.5 69.8
177.1 93.1
166.8 74.7
179.4 58.3
153.1 86.4
153.1 86.4
149.6 61.7
179.6 94.8
167.6 80.9
167.6 80.9
144 46.5
170.8 75.5
170.8 75.5
156.1 61.3
175.6 84.4
186.2 103.5
186.2 103.5
186.2 103.5
176.1 101.5
176.1 101.5
146.6 58.2
161.9 73.7
148.5 44.5
169.6 84.1
156.9 74.9
156.9 74.9
156.9 74.9
153.1 58.9
153.1 58.9
148.5 44.5
148.5 44.5
148.5 44.5
175.7 129
175.7 129
183.4 81.3
183.4 81.3
183.4 81.3
162.9 60.1
178.7 97.8
178.7 97.8
156.4 59
168.9 73.8
173.6 87.5
173.6 87.5
173.6 87.5
158.4 170.2
183.9 121.5
183.9 121.5
174.6 80.6
174.6 80.6
174.6 80.6
174.6 80.6
174.6 80.6
154.9 73.3
154.9 73.3
164.4 63.1
164.4 63.1
164.4 63.1
164.4 63.1
174.3 86.8
157.2 63.5
171.4 61.7
178.4 79.1
178.4 79.1
162.3 102.6
165.8 97.5
172.3 77
153.8 74
165.4 84.3
175.3 97.2
172.3 75.8
180.5 108.9
166 73.2
164.1 85.7
146.6 87.6
146.6 87.6
174.2 85.6
174.2 85.6
168.8 81.4
168.8 81.4
171.7 73.3
169.1 98.7
169.1 98.7
176.5 99.3
176.5 99.3
182.1 82.5
182.1 82.5
182.1 82.5
182.4 90.6
182.4 90.6
187.8 107.3
187.8 107.3
168.6 98.5
168.6 98.5
176.6 88.7
167.2 68.1
163.7 68.5
177.8 80.7
177.8 80.7
172 74.8
172.2 71.7
168.4 109.9
168.4 109.9
156.5 50.2
156.5 50.2
177.6 80.1
167.7 102.5
167.7 102.5
157.1 57.7
169.3 68.8
169.3 68.8
169.3 68.8
170.9 66.5
150.8 66.6
150.8 66.6
167.2 83.2
166.3 54.1
163.2 98.3
160.3 70.2
173.1 165
171.3 74.6
171.3 74.6
171.3 74.6
171.3 74.6
154 67.7
154 67.7
184.9 74.7
172.9 76.5
164.6 73.9
164.6 73.9
163.9 58.2
178.2 86.4
182.8 90.4
162.8 94.5
170.1 65.8
170.1 65.8
170.1 65.8
180.3 77.7
164.5 64.5
160.4 64.7
159 67.9
178.3 83.8
165.6 60.1
176 84.1
171 67.6
173 74.3
175.3 94.4
175.3 94.4
175.3 94.4
175.3 94.4
177.1 145.7
163.4 83.6
174.5 75.5
174.5 75.5
168.6 64.9
153.9 53.1
156.6 66.7
176.3 87.1
181.7 83.4
176.8 84.4
176.6 117.2
176.6 117.2
182.6 90.7
177.4 85.9
177.4 85.9
175.4 104.4
175.4 104.4
175.4 104.4
167.6 77.5
179.5 79.3
170.5 78.7
172.7 64.1
172.7 64.1
172.7 64.1
158.8 54.9
158.8 54.9
155.4 38.7
159.8 62.5
159.2 78.7
146.6 83
155.2 96.9
163.9 72.9
163.9 72.9
167.3 123.9
167.3 123.9
169.4 70.8
169.4 70.8
167.2 100.5
167.2 100.5
171.3 78.3
171.3 78.3
174.5 56.6
162.1 69
162.1 69
162.1 69
169.8 91.4
176.9 88.4
176.9 88.4
185.2 89
185.2 89
153.3 46.5
153.3 46.5
153.3 46.5
153.3 46.5
164.8 60.3
164.8 60.3
168.6 78.8
154.7 80
154.7 80
162.6 74.8
150.2 77
168.6 69.3
168.6 69.3
163.2 47.7
163.2 47.7
172.2 72.4
182.5 120.1
164.7 101.4
156.4 54.5
182.3 84.3
173.3 98.7
184.1 80.3
168.4 82.3
168.4 82.3
186.5 191.1
160.6 59.1
174.1 84.9
170.2 64.7
161.1 106.6
170.4 56.4
170.4 56.4
170.4 56.4
160.6 80.7
160.6 80.7
162 83.6
178.5 65.8
178.5 65.8
170.2 85.9
161.5 69.8
195 124.4
195 124.4
171.2 86.3
171.2 86.3
185.9 100.7
170.3 77.6
178.1 119
156.7 87.3
156.7 87.3
163.4 74.6
163.4 74.6
169 88.9
169 88.9
169 88.9
162.2 52.6
162.2 52.6
162.2 52.6
162.2 52.6
174.8 78.3
155.8 58.4
165.3 88.9
165.3 88.9
175.7 103.8
176.6 128.5
176.6 128.5
186 85.5
184.3 102.7
184.3 102.7
184.3 102.7
163.6 96.4
163.6 96.4
163.6 96.4
180.8 128.4
180.8 128.4
180.8 128.4
169.3 91.1
169.3 91.1
169.3 91.1
165.3 62.2
153.1 44.9
156.1 52.4
171.8 86.1
171.8 86.1
171.8 86.1
160 91.3
183.3 77.4
175.5 102
170.2 58.2
167.5 61.7
167.5 61.7
167.5 61.7
163 77.9
163 77.9
157.9 95.9
157.9 95.9
157.9 95.9
169.2 84.5
151.6 39.7
178.4 105.1
172.3 89.1
152.5 109.6
157.9 67.2
156 94.5
166.3 65.8
147.8 58.8
166.5 74.4
155.5 59.2
158.4 53.4
165.2 65.7
169.6 107.4
175.6 78.5
158.5 68
166 93.4
166.8 76.6
168.2 65.5
168.2 65.5
168.2 65.5
163.5 107.3
163.5 107.3
155.4 65.9
179.5 76.7
152.3 68.9
163.1 58.2
163.1 58.2
166.2 59.3
187 104.7
155.8 100.9
165.1 58.3
167.1 81.9
187.8 96.5
187.8 96.5
186.1 95.5
175.5 69
175.3 85.3
186.6 93.2
186.6 93.2
163.4 61.2
161.7 75.5
174.7 125.3
162.2 74.9
180.3 81.8
156.2 100.7
156.2 100.7
165.5 65.6
176.6 83
182.6 105.5
182.6 105.5
182.6 105.5
182.6 105.5
182.6 105.5
182.6 105.5
184.3 103.9
157.9 83.1
188.3 92.3
166 71.2
169.1 71.6
169.1 71.6
188.4 75.4
169.7 53
169.7 53
157.5 59.8
157.5 59.8
157.5 59.8
172.7 90.3
172.7 90.3
153.3 69.6
172.6 77.1
172.4 70.8
172.4 70.8
182.5 85.8
173.3 82.7
173.3 82.7
175.6 68.4
162.1 59.6
182.1 88.1
160.8 116.8
163.3 62.4
163.3 62.4
179.5 66.9
172.6 109.1
170.1 92.9
170.1 92.9
170.1 92.9
175.3 64.1
163.6 61.1
186.6 89.6
164.9 50.1
167.6 69.9
188.9 91.3
188.9 91.3
188.9 91.3
155.4 69.1
174.7 70.1
166.7 76.1
166.7 76.1
177.4 70.6
168.4 50.2
168.4 50.2
185.1 102.4
174.5 63.6
160.1 120.4
160.1 120.4
176.9 60
176.9 60
165.4 82.3
182.2 95.1
179.9 135.5
179.9 135.5
178.3 83.5
178.3 83.5
168.7 58.7
168.7 58.7
158.4 65.8
160.9 57.7
160.9 57.7
160.9 57.7
175.4 79.8
177.9 82.5
177.9 82.5
177.9 82.5
149.5 68.6
154.7 112.3
175.8 83.9
174 80.7
174 80.7
163.8 94.2
164.5 86.7
163.1 77.4
163.1 77.4
177.6 98.5
177.6 98.5
166.9 57.5
166.9 57.5
166.9 57.5
166.9 57.5
183.9 82.9
184.3 72.1
184.3 72.1
181.5 91.5
181.5 91.5
185.4 120.4
153.7 70
155 61.4
171.5 67.3
164.3 104.5
164.3 104.5
164.3 104.5
174.2 87.3
174.2 87.3
167.8 118.1
180.7 85.9
155.5 55
155.5 55
155.5 55
163.1 49.9
185.9 120.7
185.9 120.7
169.6 68.2
155 71.4
153.2 61.5
154.2 43.3
154.2 43.3
167.4 95.1
174.6 81.9
171.9 53.7
164.2 124.8
168.9 89.7
168.9 89.7
168.9 89.7
160.6 143.4
162.8 83.5
163 73.5
188.6 70.5
161.7 79.2
161.7 79.2
164.7 104.5
154.3 82
159.8 60.1
168.9 88.5
178.4 103.1
178.4 103.1
178.4 103.1
169.1 53.3
159.1 96.2
176.3 91.8
181.5 129.4
181.5 129.4
148.5 72.4
170.8 100
170.9 69.6
164.3 114.1
178.1 79.4
174.3 83.1
185.3 104.9
185.3 104.9
159.3 72.8
159.6 58.1
178.7 92.7
178.7 92.7
158.8 127.4
175.5 68.2
167.1 92
156.4 70.3
155.9 46.5
155.9 46.5
155.9 46.5
150.8 56.4
165.8 64.2
165.8 64.2
165.8 64.2
177.9 75.3
158.8 73
165.8 78.7
142.7 46.6
142.7 46.6
182 104.5
182 104.5
177.6 83.7
175.2 100
181.2 95.9
170.3 154.5
168.1 70.4
168.1 70.4
168.1 70.4
168.1 70.4
168.9 76.6
168.9 76.6
167.7 65.2
171.5 90.9
183 89.6
169.6 51.8
169.6 51.8
175.2 105.6
160.9 53.3
168.7 60.3
173.7 78.4
176 70.7
172.3 86
159 95.1
159 95.1
161.3 59.1
155.6 90.8
148.8 71.1
163 100
163 100
163 100
162.4 60.7
162.4 60.7
165.4 71.9
175 103.5
171.9 92.2
171.9 92.2
156.3 86.5
182 157.3
167.9 105.2
175 59.8
166.3 100.5
165.8 70.1
157.9 51.5
157.9 51.5
157.9 51.5
157.9 51.5
166.1 91.8
169.9 79.9
172.9 66.2
169.4 108.2
175.4 78.1
175.4 78.1
175.4 78.1
164 164.1
175.8 70
157.2 85.5
167.1 88
165.3 95.8
169.1 91.1
169.6 56.8
169.6 56.8
180.3 105.1
169.3 97.2
169.3 97.2
169.3 97.2
162.2 50.4
175 68.6
175 68.6
182.1 99.3
182.1 99.3
159 89
159 89
159 89
159 89
158 95.4
166.3 70.7
166.3 70.7
166.3 70.7
160.2 63.4
160.2 63.4
176.4 92.2
148.2 89.4
166.1 78.4
180.4 78.9
180.4 78.9
164.9 68.7
175 86.7
175 86.7
175 86.7
169.3 81.4
170.1 72.1
171.3 117
177.1 70.8
164.4 102.2
173.1 63.3
160.5 88.8
178.1 91.2
178.1 91.2
178.1 91.2
178.1 91.2
154.3 81.7
167.9 94.3
167.9 94.3
169.6 64.7
189.4 108.4
189.4 108.4
189.4 108.4
189.4 108.4
167.9 107.3
167.9 107.3
173.7 81.4
170.4 64.7
174.2 67.7
157.4 60.6
157.4 60.6
157.4 60.6
157.4 60.6
157.4 60.6
157.4 60.6
182.6 112.7
160.7 60.9
160.7 60.9
158.6 60.1
163.3 78.3
163.3 78.3
168.7 61.5
168.7 61.5
152.6 51.7
152.6 51.7
185.4 78.5
164.4 91.8
164.4 91.8
159 86.1
179.3 96.3
157.9 66.9
157.9 66.9
164 71.8
164 71.8
190.6 90.3
182.8 96.4
190.9 120
160.6 80.5
160.6 80.5
180 105.7
180 105.7
157 54
176.8 111.6
176.8 111.6
156.4 102.7
155.9 61.5
155.9 61.5
180.7 87.8
170.4 90.5
161.5 63.1
157.9 79.2
157.9 79.2
157.9 79.2
172.3 97.7
161.8 57.7
166.6 78.6
182.3 143.3
177.8 73
187.3 88.6
166.3 71.2
176.7 74.6
176.7 74.6
158.9 60.5
159.8 60.7
151.7 69.3
151.7 69.3
184.9 138.8
170.3 149
168.8 91.3
168.8 91.3
163.8 77.2
174.5 81.2
182.8 62.2
166.2 76.6
166.2 76.6
168.8 72.2
169.7 80.3
158.4 63
158.4 63
161.6 75
167.5 89.8
168.6 74.5
168.6 74.5
162.3 77.9
162.3 77.9
167.4 91.3
177.1 63.9
177.1 63.9
170.7 103.4
167.4 94.5
167.4 94.5
167.4 94.5
163.4 56.8
165 72.4
176.4 67
176.4 67
180.2 117.1
180.2 117.1
180.2 117.1
180.2 117.1
181.6 106.3
181.6 106.3
158.5 76.1
190.3 96.1
165.7 64
165.7 64
164.5 71.9
162.7 91.3
170.9 78.1
178.5 67.2
178.5 67.2
178.5 67.2
170.3 86.6
170.3 86.6
170.3 86.6
170.3 86.6
174 77.9
175.8 90.5
167.5 55.7
167.5 55.7
160 79.2
153.7 79.5
153.7 79.5
159.3 76.2
159.3 76.2
162.5 73.7
173.9 80.1
173.9 80.1
173.9 80.1
173.5 121.6
173.5 121.6
173.5 121.6
173.5 121.6
173.5 121.6
165.9 188.9
160.7 67
160.7 67
179.1 109.4
179.1 109.4
159.3 87.2
173.1 75.3
173.1 75.3
179 83.5
173.8 68.7
173.8 68.7
158.5 94
168.2 55.9
168.2 55.9
168.2 55.9
168.2 55.9
168.4 77.7
168 93.3
154.7 66.5
171.1 58
166.5 61.7
166.5 61.7
155.1 110.5
170.4 81.5
170.4 81.5
156.8 83
190 98.4
165.9 110.7
167.7 57
161.3 91.5
168.7 59.2
168.7 59.2
174.1 118.2
182.9 70.7
182.9 70.7
173.1 71.6
149.5 78.1
157.9 67.1
160.6 65.8
160.6 65.8
152.1 57.2
152.1 57.2
152.1 57.2
152.1 57.2
185.9 104.8
169.6 89
157.9 55.8
178.3 81.7
178.3 81.7
172.1 44.5
179.7 89.3
163.3 63.3
166.1 70.8
166.1 70.8
146.7 52.6
160.6 86.9
160.6 86.9
166.1 53.9
154.2 70.9
165.9 73.9
144.4 56.1
153.6 111.2
171.6 54.3
171.6 54.3
171.6 54.3
171.6 54.3
172 69.4
172 69.4
159.2 60.4
159.2 60.4
178.3 106.7
173.1 96.5
173.1 96.5
173.1 96.5
167.5 70
174.1 74.9
154.2 111.7
164.3 51.7
164.3 51.7
164.3 51.7
163.1 103.2
172.6 68.8
176.4 88.1
185.5 102.1
185.5 102.1
158 71.4
170.5 64.8
173.3 76.7
159.4 57.9
159.4 57.9
159.4 57.9
182 98.5
182 98.5
162.3 75.8
165.6 58.6
166 50.8
166 50.8
171.1 108.1
186.9 84.6
186.9 84.6
179.9 73.5
142.5 62.6
165.1 83.7
181 101.5
173.1 90.7
173.4 69.1
161.8 59.9
162.7 74.8
162.7 74.8
156.1 57.2
171.2 66.6
172.9 66.2
172.9 66.2
165.8 77.5
165.2 111.9
158.1 99.9
158.1 99.9
174 72.9
163.4 71.4
175.9 93.2
175.9 93.2
174.4 127.9
174.4 127.9
185.5 106.3
185.5 106.3
175.7 99.9
175.7 99.9
160 116.2
159.3 98.3
165.2 69
184.8 78.4
174.2 84.5
174.2 84.5
177.9 91.2
166.1 97.6
154.2 50.7
154.2 50.7
156.9 87.1
172 98.6
168.1 95.8
168.1 95.8
171.6 68.7
173.5 85.9
178.7 89
186 96.9
186 96.9
186 96.9
186 96.9
171.4 84.8
171.4 84.8
171.4 84.8
171.4 84.8
167.4 81.5
168.7 63.2
143.4 53.5
167.3 113.1
179 80.1
179 80.1
179 80.1
179 80.1
164.4 55.4
178.3 72.2
195 164.9
195 164.9
195 164.9
171.4 84.1
164.7 90.1
175.3 97
150.5 102.4
157.8 99.4
157.8 99.4
174.9 82.7
174.9 82.7
175.9 53.3
175.9 53.3
173.1 77.8
168.3 87.9
180.2 135.5
164.2 67.5
164 58.8
164 58.8
163.9 68.9
163.9 68.9
175.4 91.9
175.4 91.9
155.7 79.2
167.9 87.8
167.9 87.8
175.6 101.9
175.6 101.9
154.6 60.6
160.2 63.1
160.2 63.1
160.8 77.5
175.9 81.6
175.9 81.6
166.2 50.9
164.4 77
173.2 77.6
173.2 77.6
173.2 77.6
173.2 77.6
166.6 91.3
166.6 91.3
166.6 91.3
160.4 82.2
160.4 82.2
171.3 80.3
165.4 65.7
167.1 106
167.1 106
162.1 58.7
162.1 58.7
162.1 58.7
189.3 91.6
189.3 91.6
189.3 91.6
157.6 64.2
163.2 57.8
156.8 54.2
168.4 51.8
150.9 75.5
184.1 90.6
163.6 102.8
163.6 102.8
152.8 94.7
155.8 74.6
165.1 109
165.1 109
165.1 109
165.1 109
169 76.4
169 76.4
169 76.4
169 76.4
152.2 73.2
172.6 70.1
172.6 70.1
172.6 70.1
172.6 70.1
175.2 81.3
157.5 71.9
157.5 71.9
172.6 90.6
172.4 66.1
158.1 58.4
163.1 72.3
163.1 72.3
176.8 103
178.9 96.8
169.3 96.4
169.3 96.4
156.5 90.1
188.1 77.5
188.1 77.5
182.4 85.3
182.4 85.3
182.4 85.3
182.4 85.3
160.8 72.5
160.8 72.5
171.5 75.8
158 70.2
173.1 85.3
170.5 80.5
170.5 80.5
166.1 73.2
159.1 64.6
151.7 64
164.2 77.1
164.2 77.1
157.2 63.3
157.2 63.3
159.8 72.5
159.8 72.5
165.6 81.6
165.6 81.6
158.8 81.5
158.8 81.5
160.5 59.4
160.5 59.4
172.2 89.4
174 72.8
155.8 88.1
180.6 89.7
180.6 89.7
169.3 73.3
179.9 118.2
174.9 65.9
175.3 148.2
175.3 148.2
160.8 58.2
160.8 58.2
160.8 58.2
160.8 58.2
190.5 73.3
190.5 73.3
190.5 73.3
155.3 53.3
177.1 87.2
177.1 87.2
177.1 87.2
157.4 54.4
157.4 54.4
157.4 54.4
157.4 54.4
162.5 94.1
181.9 76.8
171.3 117.6
171.3 117.6
171.3 117.6
187.6 73
187.6 73
187.6 73
187.6 73
187.6 73
168.6 98.2
163.1 63.3
160.3 66.3
160.3 66.3
160.3 66.3
148.6 49
148.6 49
151 69.6
164 51.8
170.3 72.1
174.2 87.5
150.7 61.2
158.7 78
158.7 78
158.7 78
167.4 66.7
167.4 66.7
186.5 168.1
177.9 103.3
177.9 103.3
168.8 119.7
168.8 119.7
168.8 119.7
170.9 107
170.2 114.4
187.3 74.2
164.2 106.1
166.5 59.7
166.5 59.7
168.4 96.3
168.4 96.3
157.6 55.8
160.7 100
173.8 131.4
173.8 131.4
165.5 68
166.2 91.9
158.2 67.6
153.4 54.8
168.1 73.8
168.1 73.8
168.1 73.8
168.1 73.8
168.1 73.8
155.8 63.3
155.8 63.3
159.3 78.2
159.3 78.2
173.5 71.1
179.1 71.8
179.1 71.8
173.1 79.1
152.6 68.1
168.9 79.8
162.8 55.2
173.8 109
176 98.4
144.8 102
146.5 81.7
190.4 92.1
171.6 74.8
167.3 101.8
182.7 75.3
166.8 88.5
171.1 87.6
171.1 87.6
171.1 87.6
171.1 87.6
170.9 84.6
168 72.7
163.9 60.8
163.9 60.8
163.9 60.8
172 91
172 91
172 91
172 91
172 91
161.9 65.6
169.8 88.7
178.8 67.1
166.1 76.2
169.5 91.7
164.1 57.2
180.8 81.9
168.4 98.8
164.8 88.7
164.5 97.4
164.5 97.4
175.5 110.4
170.6 83.7
177.5 75.7
154.1 90.3
154.1 90.3
154.1 90.3
154.1 90.3
164.9 50.1
164.9 50.1
153.7 70.7
161.8 90.9
162 87.9
161.2 68.6
161.2 68.6
161.2 68.6
177.5 78.8
177.5 78.8
177.5 78.8
155 60.2
192.8 110.4
192.8 110.4
192.8 110.4
168.3 86.5
157.7 61
162.3 71.3
162.3 71.3
163.6 53.4
163.6 53.4
172.8 94.8
165.9 62.6
165.9 62.6
165.9 62.6
171.9 91.1
171.9 91.1
171.9 91.1
171.9 91.1
171.9 91.1
171.9 91.1
171.9 91.1
167.3 124.4
172.6 103.6
169.2 84.3
183.2 74.6
170.6 110.4
181.1 76.3
181.1 76.3
152 125.6
152 125.6
152 125.6
152 125.6
150 53
155.6 81.4
168.9 66.4
186.3 84.3
186.3 84.3
186.3 84.3
169.1 70.1
159.7 92.9
170.5 112.7
187 119.2
187 119.2
187 119.2
180.5 90
180.5 90
188.6 121.8
188.6 121.8
188.6 121.8
188.6 121.8
171.3 60.6
170 86.9
163.7 59.4
175 72.7
170.9 84.3
170.9 84.3
170.9 84.3
177.4 70.6
177.4 70.6
167.5 72.8
186.9 107.7
156.5 78.9
179.3 87
179.3 87
156 85.2
172.9 56.5
190.5 75.4
161.3 77.7
193.9 91.7
193.9 91.7
159.5 56
155.8 53.6
155.8 53.6
155.8 53.6
167.1 95.9
156.6 66
156.6 66
164.7 82.2
164.7 82.2
164.7 82.2
164.7 82.2
174.4 86.3
182.9 72.3
182.9 72.3
172.2 82.8
172.2 82.8
157.9 90.5
153.3 59.4
182.6 90.1
160.3 71.3
160.7 46.4
160.7 46.4
149.2 65.2
176.4 92.6
157.8 86.1
155 82.3
155 82.3
179.8 81
188.8 106.8
156.5 57.7
156.5 57.7
156.5 57.7
156.5 57.7
156.5 57.7
199.5 89.5
199.5 89.5
153.5 51.8
163.5 74.2
163.5 74.2
174.1 73.3
161 75.2
180.1 122.1
160.9 93.9
163.2 103.5
173 83.1
173 83.1
173 83.1
173 83.1
173 83.1
173 83.1
178 77.4
148.8 120.1
188.5 97.4
168.5 68.6
173.5 79.1
180.1 112.1
175 81.6
155.6 65.1
155.6 65.1
171 60.8
180.1 64.9
180.1 64.9
165.9 112.2
165.9 112.2
170.9 172.5
163.4 81
172.3 61.3
177.7 103.7
177.7 103.7
155.6 70.9
155.6 70.9
168.2 79.7
168.2 79.7
189.3 89.5
156.8 60.5
156.8 60.5
169 84.1
160.4 65.3
170.9 138.7
167.2 71.3
167.2 71.3
156.6 52.3
146.6 47.3
146.6 47.3
160.9 108
160.9 108
169.7 64.1
169.7 64.1
161.6 78.8
161.6 78.8
164.4 82.8
164.4 82.8
158.5 65.8
165.2 93.6
173.5 70
154.8 55.6
175.5 94.2
175.5 94.2
175.5 94.2
175.5 94.2
175.5 94.2
175.5 94.2
175.5 94.2
190.2 81.6
190.2 81.6
190.2 81.6
160.2 102.6
178 72.5
164.2 86.6
188.8 83.6
188.8 83.6
173.9 77.5
152.5 48.6
168.1 57
168.1 57
168.1 57
168.1 57
168.1 57
168.1 57
163.8 60.4
174.9 93
166.7 119.4
154.9 50.4
165.1 114
184.8 78.1
169.5 90.4
182.1 84.9
182.9 87.7
180.5 77.9
172.7 67.6
167.1 95.2
167.1 95.2
167.1 95.2
167.1 95.2
167.1 95.2
167.1 95.2
169.9 88.5
149.3 44.9
177.1 85.6
141.3 53.2
141.3 53.2
159.1 53.1
159.1 53.1
159.1 53.1
162.1 85.2
169.8 91.5
169.8 91.5
169.8 91.5
169.4 76.4
169.4 76.4
175.1 67.3
175.9 83.3
143.9 43.8
175.4 74.3
175.4 74.3
175.4 74.3
175.4 74.3
175.4 74.3
140 59.4
169.4 108.3
169.4 108.3
169.6 81.6
161.9 100.8
161.9 100.8
161 103.7
163.4 90.1
173.3 65.3
173.3 65.3
173.3 65.3
173.3 65.3
173.3 65.3
176.8 77
176.8 77
176.8 77
176.8 77
181.5 68.4
185.1 87.1
185.1 87.1
166.8 67
157.9 74.3
157.1 59.9
189 135.1
189 135.1
179.7 95.4
179.7 95.4
179.7 95.4
189.5 93.5
173.2 95.3
190.9 77
190.9 77
163.6 57.8
163.6 57.8
163.6 57.8
158.7 81.1
164.7 73.5
155.1 50.4
155.7 75.1
155.7 75.1
155.7 75.1
156.8 68.9
177.8 86.2
160.4 92.7
159.4 63.8
159.4 63.8
164.9 77.8
164.9 77.8
164.9 77.8
164.9 77.8
178.1 98.5
153 43.1
153 43.1
178.2 98.9
178.2 98.9
150.6 76.7
172.3 82.3
153.8 54.7
153.8 54.7
156.1 72.7
156.9 47.9
156.9 47.9
181.2 98.3
160.8 82.5
175.2 99.3
171.3 113.8
171.5 78.4
169.6 90.7
182 64.7
160.6 60.8
160.6 60.8
189.4 83.3
189.4 83.3
154.4 56.9
154.4 56.9
154.4 56.9
178.4 81.3
158.8 72.4
156.5 60
156.5 60
184.8 104.6
177.3 110
177.3 110
177.3 110
167.9 81.5
176.9 100.2
176.9 100.2
150.5 69.4
161.5 47.7
161.5 47.7
176.7 88.3
164.9 80.8
175.9 84.5
167.2 82.7
167.2 82.7
178.2 95.5
186.3 113.5
163.1 80.7
166.9 80.2
166.9 80.2
164.4 71.3
164.4 71.3
168.8 90.1
177.1 105
177.1 105
177.1 105
180 103.5
170.3 74.6
170.3 74.6
170.3 74.6
179.4 116.3
177.6 83.1
177.6 83.1
171.1 107.3
171.1 107.3
171.1 107.3
171.1 107.3
173.9 58.4
168.1 51.6
168.1 51.6
171.5 82
164.2 78
181.1 102.1
175.8 113.3
162.2 57.9
162.2 57.9
162.2 57.9
162.2 57.9
162.2 57.9
162.2 57.9
190.9 79.3
168.8 62.6
180.4 92.2
180.4 92.2
170.8 79.8
170.8 79.8
172.7 119.1
166.9 65
164.5 49.3
164.5 49.3
164.5 49.3
164.5 49.3
149.7 57.9
149.7 57.9
175.2 80.9
175.2 80.9
175.2 80.9
175.2 80.9
175.2 80.9
155.4 56.8
153.1 117.3
167.8 97.9
185 83.4
159.5 66.5
159.5 66.5
159.5 66.5
150.4 57.8
180.5 112.2
180.5 112.2
164.9 107.9
159.7 71.6
159.7 71.6
159.7 71.6
176.1 93.2
176.1 93.2
176.1 93.2
164.8 78.6
173.8 96.7
173.8 96.7
173.8 96.7
156.8 67
176.9 62.6
176.9 62.6
176.9 62.6
177.4 81.1
177.4 81.1
164.7 91.2
156.8 39
157.5 44
157.5 44
153.2 44.5
159.9 54.3
159.9 54.3
160.1 102.9
159.6 80.5
184 100.1
184 100.1
168.6 90.6
155.7 78.1
155.7 78.1
169.7 79
178 93.3
178 93.3
178 93.3
178 93.3
164.6 113.4
179.8 87.3
177.2 108.5
175.4 99.2
153.6 42.7
153.6 42.7
153.6 42.7
153.6 42.7
153.6 42.7
166.9 81.8
169.7 86.6
164.3 75.8
164.3 75.8
155.5 100.7
169.4 73.7
171.5 123.4
174.4 79.9
174.4 79.9
174.4 79.9
174.4 79.9
170.2 73.4
165.2 89.3
172 80
166.5 74.5
157.4 60.2
157.4 60.2
144.1 46.8
168.5 82.3
168.5 82.3
178.7 78.2
178.7 78.2
157.8 117.6
176.8 99.9
176.8 99.9
173.4 91
171.5 97.2
175.3 82.6
175.3 82.6
175.3 82.6
170.9 92.8
160.6 67.5
160.6 67.5
165.6 81
165.6 81
148.2 49.7
185.6 101
185.6 101
185.6 101
178.4 81.5
158.7 86.2
173.2 82.6
173.2 82.6
173.2 82.6
163.4 56.5
168.5 70.1
185.7 107.4
171.7 76.7
171.7 76.7
173 67.3
170.2 95.8
181.9 129.7
168.2 62.6
171.9 83.7
179 75.3
188 122.8
188 122.8
199.9 104.9
151.6 45.2
151.6 45.2
151.6 45.2
151.6 45.2
189.1 93.3
175 75.2
169.7 101.1
160.2 90.2
156 51.5
167.7 76
167.4 89.3
164.5 98.3
164.5 98.3
154.4 52.5
158.4 71.5
193.3 107.2
148.1 40.2
164.7 57.7
164.7 57.7
179.6 129.5
169.4 58.5
169.4 58.5
178.4 79.4
178.4 79.4
178.4 79.4
178.4 79.4
178.4 79.4
174.6 112.8
174.6 112.8
174.6 112.8
174.6 112.8
174.6 112.8
163.5 97.6
171.6 69.3
160.2 60.7
160.2 60.7
161.5 64.4
161.5 64.4
178.9 79.6
185.8 108.8
185.8 108.8
177.3 83.2
161.6 109.6
164.3 48.8
163.8 79.9
159.3 73.4
159.3 73.4
148.2 60.6
172.9 109.4
172.9 109.4
176.4 94.2
190.4 75.1
153.6 79
181 73.8
169.8 107.9
169.8 107.9
159.5 81
145.2 74.9
161.9 78.5
161.9 78.5
176.5 97.9
160.9 64.5
160.9 64.5
160.9 64.5
160.9 64.5
157.7 60.3
157.7 60.3
177.7 81.1
166.2 50.7
179.6 98.5
179.6 98.5
181.7 94.7
170.4 94.2
179.5 153.7
170.4 54.6
174.9 53.7
174.9 53.7
176.4 80.1
168.5 89.2
154.3 54
152.6 54.2
176.9 76
169 65.5
173.7 67.8
177.1 56.3
177.1 56.3
161.2 62.4
159.4 83.9
159.4 83.9
172.1 85.9
172.1 85.9
172.1 85.9
152.5 82.8
163.2 67.6
152.1 70.6
152.1 70.6
152.1 70.6
177.6 104
177.6 104
180.7 101.7
180.7 101.7
180.7 101.7
175.4 63.9
167.7 61.7
184.3 123.9
184.3 123.9
184.3 123.9
184.3 123.9
181.3 93.2
182.3 87.4
182.3 87.4
178 83
185.9 75.4
168.9 75
173.2 74.1
176.2 86
159.8 92.4
134.5 43.3
155.6 56.7
170.3 86.3
178.8 84.8
161.9 66.8
163.3 107
164 60.4
177.2 111.3
182.2 83.3
182.2 83.3
182.2 83.3
182.2 83.3
165.7 89.9
165.7 89.9
169.1 80.9
160.1 57.6
160.1 57.6
167.6 67.9
183.8 96.6
183.8 96.6
160 86.4
153.9 53
153.9 53
169.8 65.3
158.6 50
158.1 98.8
158.1 98.8
158.1 98.8
158.1 98.8
184.9 140.1
184.9 140.1
184.9 140.1
184.9 140.1
184.9 140.1
184.9 140.1
162.1 73.9
162.1 73.9
172.5 88.5
175.6 130
168.5 59.2
166.1 108.7
166.1 108.7
166.1 108.7
181.6 105.3
181.6 105.3
181.6 105.3
181.6 105.3
168.2 66.6
168.2 66.6
161.6 79.6
170.7 76.9
152 75.4
152 75.4
172 72
172 72
183 120.3
158 74.5
158 74.5
158 74.5
184.3 96.9
141.2 46.4
141.2 46.4
166.3 103.8
172.5 65.7
179.8 87.7
179.8 87.7
179.8 87.7
173.8 138.4
173.8 138.4
170.4 82.2
180.3 64.8
181.9 101.2
166.3 98.1
168.7 73
170.2 67.1
170.2 67.1
181.7 104.2
181.7 104.2
181.7 104.2
181.7 104.2
171 68.9
171 68.9
160.2 89.1
157.8 58.5
184.9 77.3
184.9 77.3
184.9 77.3
184.9 77.3
184.9 77.3
184.9 77.3
153.5 55.9
175.2 99.7
175.2 99.7
175.2 99.7
175.2 99.7
175.2 99.7
173.2 84.9
178.4 75.9
173.8 62.3
164.2 92.6
164.2 92.6
189.7 93.7
189.7 93.7
197.2 77.1
159 72.7
159 72.7
176.7 71.7
177.8 95.6
176.1 93.8
172.3 68.5
158.4 62.3
158.4 62.3
158.4 62.3
176.3 105.6
176.3 105.6
178.5 107.4
178.5 107.4
178.5 107.4
161.7 100.1
174.1 112.4
174.1 112.4
174.1 112.4
160.3 62.6
164.4 80
185.1 99.7
185.1 99.7
179.3 94.2
179.3 94.2
171.7 65.1
180 106
180 106
168 71.9
168 71.9
144.6 55.4
175.3 98.3
181.3 59.6
181.3 59.6
181.3 59.6
181.3 59.6
181.3 59.6
181.3 59.6
151 108.7
151 108.7
151 108.7
158.3 57.1
160.6 68.4
160.6 68.4
164.9 65.1
164.9 65.1
163.8 59.6
161.6 88
155.3 57.9
155.3 57.9
167.7 65
167.7 65
167.7 65
167.7 65
167.7 65
177.2 73.8
171.8 63.4
162 57.2
182.4 91.9
182.4 91.9
182.4 91.9
182.4 91.9
182.4 91.9
145.1 80.3
179.7 61.1
179.7 61.1
179.7 61.1
179.7 61.1
167.7 85.7
161 50.2
161 50.2
174.4 70.8
166.1 100.5
169.3 54.7
169.3 54.7
181 104.3
181 104.3
181 104.3
160 82.6
160 82.6
179.7 105.8
155.6 66.7
172.5 81.5
173.6 95.6
171.5 70.4
190.8 120.4
190.8 120.4
190.8 120.4
190.8 120.4
178.8 91.1
169.1 65.8
159 69.8
161.7 65.5
174.1 104.4
174.3 72
153.9 58.2
153.9 58.2
150.5 61.7
170.5 80.6
179.4 95.5
179.4 95.5
158.4 52.6
158.4 52.6
160 55.3
157.3 67.8
157.3 67.8
157.3 67.8
154.9 68.7
154.9 68.7
154.9 68.7
154.9 68.7
162.9 70.7
176.7 93.5
176.7 93.5
176.7 93.5
176.7 93.5
154.9 76.1
178.6 111
164.8 53.8
159.7 100.6
159.7 100.6
159.7 100.6
159.7 100.6
159.7 100.6
149.2 61.8
167.9 74
163 79.1
163 79.1
180.2 66.5
155.8 53.2
153.4 77.5
160.5 94.1
160.5 94.1
177.6 78
158.9 82.5
158.9 82.5
182.2 135.8
182.2 135.8
182.2 135.8
164.8 115.4
167.1 74.2
167.1 74.2
161.6 77.6
161.6 77.6
161.6 77.6
163.2 113.4
163.2 113.4
179.6 73.5
179.6 73.5
179.6 73.5
179.6 73.5
157.4 69.6
180.4 73.2
157.5 56.7
157.5 56.7
176.4 71.1
154.5 60.6
154.5 60.6
172 94.5
172 94.5
158.7 47.3
162 69.7
164 101.3
178.4 78.8
178.4 78.8
157.3 66.8
154.6 64.9
154.6 64.9
161.7 84.5
175.9 120.7
175.9 120.7
164.9 62.3
158.9 113.4
175.1 87.8
175.1 87.8
156.6 48.3
175.7 94
155.5 63.3
155.5 63.3
161.9 57.5
173.5 80.4
173.5 80.4
170.9 82.3
182.1 83.8
184.7 77.5
158.5 60.1
150.9 60.6
174.3 137.3
174.3 137.3
177.6 94.6
162.1 66.5
162.1 66.5
160.2 52.9
160.2 52.9
160.2 52.9
163.6 46.8
163.6 46.8
163.6 46.8
195 106.1
164.3 59.6
164.3 59.6
180.4 74.5
155.1 62.5
155.1 62.5
160.8 76.2
160.8 76.2
160.8 76.2
160.8 76.2
169.7 83.3
174.5 92.7
174.5 92.7
154.1 66.9
166.2 46.2
165.1 106.4
174.7 79.7
146.4 58.7
146.4 58.7
146.4 58.7
146.4 58.7
148.7 48.9
160 61.8
152.4 50
165.7 68
173.1 73.2
175.4 64.9
175.4 64.9
175.4 64.9
151.4 42.9
173.1 69
180.7 80
157.6 50.8
169.7 61.6
150.2 86.9
163.3 104.6
178.6 99.4
176.7 71.3
170.6 84.6
193.7 113.4
171.3 85.7
164.5 61.1
164.5 61.1
164.5 61.1
164.5 61.1
164.5 61.1
170 127.8
165.1 128
167.6 149.1
165.5 66.3
165.5 66.3
155 54.8
158 106.8
149.6 45.9
147.7 58.3
167.2 51.8
151.8 60.8
163.4 104.6
161.4 73.2
194.7 106.2
175.6 67.1
173.2 170.5
173.2 170.5
173.2 170.5
168.2 70.3
171.4 62.7
169.4 74.1
153.8 56
153.8 56
180.9 113.6
174.7 88.4
174.7 88.4
174.7 88.4
174.7 88.4
147.9 67.9
147.9 67.9
157.1 61.6
171 128.2
173.9 110.7
155.4 56.9
155.4 56.9
160 59.3
165.2 65.5
169.8 90.9
160.7 57.4
160.7 57.4
160.7 57.4
160.7 57.4
160.7 57.4
166 62.4
171.9 113.6
171.9 113.6
163.9 61.6
164 77.3
166.4 74.1
156.2 75.1
160.8 89.2
160.8 89.2
160.8 89.2
162.8 91.7
162.8 91.7
162.8 91.7
162.8 91.7
172.1 86.2
172.1 86.2
172.1 86.2
176.4 75
172.1 76.6
170.1 90.7
175.1 122.9
156.1 57.2
174.1 68.4
173 81.2
173 81.2
165.7 60.3
160.9 64.8
160.9 64.8
160.9 64.8
160.9 64.8
160.9 64.8
174.3 112.7
174.3 112.7
183.9 104.9
183.9 104.9
183.9 104.9
183.9 104.9
183.9 104.9
163.8 61.6
147.8 76.8
154 63.8
154 63.8
155.4 59.2
155.6 53.2
160.3 79.4
160.4 72.5
164.9 64.1
164.9 64.1
164.9 64.1
160.1 80.2
163.8 63.5
180 90.9
180 90.9
178.3 73.6
178.3 73.6
178.3 73.6
171.5 77.2
171.5 77.2
158.7 93.9
150.8 99.3
150.8 99.3
165.5 79.1
183.2 77.7
160 91.6
173.6 60.4
165.8 71.1
191 181.4
183.9 83.9
183.9 83.9
168.4 80.6
168.4 80.6
177.9 107.9
163.5 102.8
175.7 86.2
166.9 86.3
166.9 86.3
166.9 86.3
173.7 95.4
173.7 95.4
173.7 95.4
162.4 69.1
178.7 69.9
178.7 69.9
178.7 69.9
169.4 61.5
184.6 103
172.4 87.7
188.2 108.1
168.9 60.1
168.9 60.1
183.1 114.6
183.1 114.6
177.5 80.7
177.5 80.7
165.1 114.7
165.1 114.7
172.2 76.1
163.4 92.1
177 91.7
177 91.7
177 91.7
177 91.7
164.2 68.8
164.2 68.8
160.2 66.4
170.7 98.9
170.7 98.9
170.7 98.9
170.7 98.9
152.9 66.1
152.9 66.1
156.4 91.9
162.1 70.2
168.1 106
182.9 69.3
182.9 69.3
182.9 69.3
172.4 99.1
172.4 99.1
172.4 99.1
170.4 91.5
170.4 91.5
176.2 70
173.2 99.4
157.2 63.6
186.9 87.6
176.5 77.1
176.5 77.1
159.7 65.7
174.4 104.5
174.4 104.5
174.4 104.5
174.4 104.5
174.4 104.5
171.2 86.4
169.6 71
169.6 71
164.4 60.2
163.5 93.4
166.5 86.8
163.8 87.2
163.8 87.2
174.4 110.3
144.2 40.8
169 98.8
169 98.8
169 98.8
169 98.8
170.5 84.3
151.3 52.8
151.3 52.8
151.3 52.8
159.5 57.5
159.5 57.5
159.5 57.5
159.5 57.5
153.3 61.5
160.6 85.6
171.9 138.7
171.9 138.7
171.9 138.7
171.9 138.7
154.8 75.7
154.8 75.7
154.8 75.7
151.6 64.5
164.7 79.8
192.4 89.8
163.4 56.7
158.1 68
154.8 83
165.2 92.2
172.4 66.4
169.4 67.3
157.9 65.5
179.2 86
162 65.7
169.7 107.2
169.7 107.2
169 68.7
187.7 103.1
184.3 143.6
184.3 143.6
184.3 143.6
184.3 143.6
184.3 143.6
184.3 143.6
173.2 64.5
163.2 70.9
163.2 70.9
165.6 126
175.9 70.6
175.9 70.6
175.9 70.6
175.9 70.6
162.4 58.2
173.8 117.8
160.4 76.7
162.7 46.6
160 77.5
184.7 129.4
160 64
179.8 89.6
169.7 102
169.7 102
155 63.4
172.6 74.5
164.5 66.5
170.2 81.8
149.9 61.6
159.3 89
153.8 70.2
180.4 94.8
180.4 94.8
180.4 94.8
172.2 120
172.2 120
172.2 120
171.3 80
183.8 180.6
173.2 131.5
172.7 75.4
149.5 59.7
149.5 59.7
175.3 67
175.3 67
147.6 56.9
147.6 56.9
176.8 69.5
176.8 69.5
176.8 69.5
178.6 99.3
178.6 99.3
163.2 59.5
176.9 92.6
164.6 78.2
178.8 106.2
178.8 106.2
178.8 106.2
178.8 106.2
147 65.8
165.7 81
173.8 85.8
171.2 83
171.2 83
164.6 85.5
164.6 85.5
176 88.3
176 88.3
155 63.5
168.2 113.7
174 80.5
171.4 101.3
171.4 101.3
171.4 101.3
161.8 61.3
161.8 61.3
172 63.9
169.4 79.4
152.3 64
152.3 64
176.6 87
176.6 87
155 73.8
159.6 90.2
159.6 90.2
164.4 66.8
164.4 66.8
185.5 101.9
185.5 101.9
185.5 101.9
174.2 80
159.6 55
159.6 55
159.6 55
186.6 91.7
164.1 84.8
164.1 84.8
164.1 84.8
164.1 84.8
178.2 57.6
179.2 112.5
179.2 112.5
167.8 105.9
165 67.2
170.7 81.6
170.7 81.6
170.7 81.6
169 69.7
167.3 82.1
166.2 67.7
166.7 117.3
166.7 117.3
147.3 86.5
176.6 72.1
168.4 68.3
163.3 87.8
178.7 97.3
161.3 107.1
179.1 122.4
177.4 82.6
177.4 82.6
159.8 71.1
152.2 79.8
152.9 48.1
152.9 48.1
152.9 48.1
152.9 48.1
152.9 48.1
152.9 48.1
160.2 145
162.1 63.1
173.2 91.9
159.3 90.1
159.3 90.1
159.3 90.1
159.3 90.1
159.6 60.6
191.9 84.2
152.3 80.9
167.4 78.5
147.9 41.5
178.6 65.9
173.9 124.9
173.9 124.9
173.9 124.9
179.1 74.5
179.1 74.5
179.1 74.5
164.4 87.8
176.2 105.7
165.3 116.1
174.1 74.8
161.1 50.2
161.1 50.2
176.8 115.1
187 81.1
187 81.1
175.8 111.6
171.2 67.4
169 50
174.5 102.8
162.6 71.3
162.6 71.3
162.6 71.3
175 88.1
175 88.1
175 88.1
175 88.1
180.5 82
187.5 98.5
187.5 98.5
187.5 98.5
187.5 98.5
187.5 98.5
174.5 80.6
180.5 93
180.5 93
199.4 124
199.4 124
199.4 124
164.5 60.8
164.5 60.8
164.8 71.7
164.8 71.7
164.8 71.7
164.8 71.7
158.2 83.8
158.2 83.8
164.3 78.8
164.3 78.8
163.6 66
163.6 66
163.6 66
163.6 66
157.6 49.9
178.5 80.3
178.5 80.3
178.5 80.3
178.5 80.3
178.5 80.3
168 90.9
179.9 74.5
180.6 95.3
178.7 79.2
166 101.2
166 101.2
168.5 99.5
168.5 99.5
171.7 111.4
169.1 110.5
169.1 110.5
146.6 72.4
175.4 79.5
175.4 79.5
175.4 79.5
175.4 79.5
156.9 69.3
177.5 83.9
177.5 83.9
153.5 80.7
153.5 80.7
158.7 78.6
178.2 69
178.2 69
164 95.4
177.9 89.3
177.9 89.3
166.9 90.8
178.3 55.7
167.9 69.7
166.7 82.6
166.7 82.6
166.7 82.6
171.8 103.4
158.8 77.9
170.7 72.7
170.7 72.7
170.7 72.7
170.7 72.7
176.7 87.6
163.1 101.7
173.2 97.1
173.2 97.1
173.2 97.1
182.2 118
181.1 82.8
180.4 106.7
180.4 106.7
167.9 69.6
154.6 61.9
182 96.3
184.1 138.2
164.7 75.8
161.7 57.8
161.7 57.8
161.7 57.8
158.7 88.1
174.6 135.2
162.2 105.8
151.7 60.4
195.8 72.1
159.4 113.3
169.8 122.2
167.4 64.9
156.9 75.1
163.8 58.8
172 91.2
171.5 82.7
171.5 82.7
181.3 68
165.5 80
153 90.7
153 90.7
153 90.7
153.2 79.3
166.5 88.7
186.1 87.5
186.1 87.5
186.1 87.5
186.1 87.5
157.5 56.4
157.5 56.4
177 58.6
170.6 60.7
160.7 55.8
160.7 55.8
160.7 55.8
145 73.4
170.9 83.8
175.7 74
159.1 149.8
159.1 149.8
151.2 62.1
162.5 63.6
162.5 63.6
159.1 67
160.9 60.9
166.2 78.2
178.6 88.4
158.1 54.2
165.9 51.8
165.9 51.8
165.9 51.8
176.3 77.2
175.5 166.5
175.5 166.5
175.5 166.5
161.5 52.7
168.6 55
184.4 109.4
184.4 109.4
184.4 109.4
168.9 80.3
168.4 62.4
166.3 94.5
166.3 94.5
180.3 106
185.1 72.4
149.6 60.9
149.6 60.9
171.8 86.6
171.8 86.6
180.6 117.3
180.6 117.3
173.9 79
173.9 79
150.8 56.3
166.7 79.3
166.7 79.3
162.3 64.6
162.3 64.6
162.3 68.1
162.3 68.1
172 99.6
172 99.6
172 99.6
172 99.6
172 99.6
159.8 66.9
157.1 73.2
173.2 73.4
173.2 73.4
173.2 73.4
173.2 73.4
176.8 102.6
173.8 132.1
173.8 132.1
173.8 132.1
165.5 58.8
161.4 88.3
161.4 88.3
161.6 51
161.6 51
173.3 71.3
173.9 81.1
179.4 90
179.4 90
177.6 57.6
171.4 104.7
171.4 104.7
171.4 104.7
160.1 83.2
181.5 96.1
146.3 99.3
169.5 56.3
169.5 56.3
169.5 56.3
163.4 71.5
180.4 98.5
180.4 98.5
160.7 62.7
160.7 62.7
173.1 90.6
169.3 85.5
162.6 92.5
162.6 92.5
178 84.3
178 84.3
171.4 83.9
179.8 107
180.4 103.1
180.4 103.1
180.4 103.1
159.8 69.2
155.1 62.6
153.7 93.9
153.7 93.9
166.7 77.5
166.7 77.5
168.3 56.7
174.1 100.3
163 57.1
163 57.1
161.8 81.5
161.8 81.5
161.8 81.5
161.8 81.5
161.8 81.5
162 85.9
162 85.9
173.2 85.5
166.9 73.6
152.7 55.1
183 90.1
183 90.1
168.5 68.1
168.5 68.1
157.5 41.1
157.5 41.1
157.5 41.1
160.6 56.7
165.9 84.5
166.8 64.8
165.9 70.7
171.2 95.3
184.5 93.1
184.5 93.1
154.5 67.4
165.1 76.5
165.1 76.5
179.5 84.5
181.6 97.6
180.2 86.6
180.2 86.6
182.2 77
183.6 88.5
163.2 91.8
170.1 58.8
187.5 97.7
187.5 97.7
184.2 116.4
156.4 87.2
173 114.7
166.6 69.7
169 70.4
169 70.4
167.1 82.1
170.4 125
174.8 104.8
178.4 74.8
163.2 64.5
163.2 64.5
161.6 60.3
156.3 52.6
156.6 89.7
156.6 89.7
171.7 77.4
177.7 108.6
169.5 63.6
169.5 63.6
175.1 115.6
167.9 84.6
163.9 79.9
158.6 64.5
167.3 78.1
167.3 78.1
167.3 78.1
167.3 78.1
167.3 78.1
167.3 78.1
170.4 72.4
177.4 82.8
168.6 150.1
181.6 90.4
174.5 73.1
174.5 73.1
152.3 66.7
180.9 84.9
166.2 70
182.9 75.8
179.7 108
156.8 67.3
156.8 67.3
153.8 119.3
153.8 119.3
175 81.3
170.3 83.2
166.6 95.2
166.3 138
155.3 60
147.8 56.2
147.8 56.2
167.1 131.4
168.1 66.7
161.8 69.1
160.6 47
160.6 47
170.6 90.7
170.6 90.7
170.6 90.7
173.2 70
173.2 70
173.2 70
159 67.9
159 67.9
169.1 99.9
159 99
159 99
177.4 76.1
155.6 49.6
172.7 62.4
172.7 62.4
172.6 162
173.1 83.2
169.9 108.9
181.4 88.2
169.5 70.8
162.5 65.1
179.2 125.5
163.8 57.6
163.8 57.6
163.8 57.6
171.4 68.2
177.5 105.8
177.5 105.8
177.5 105.8
177.5 105.8
177.5 105.8
160.3 121.1
160.3 121.1
161.5 63.1
178.3 87.6
178.3 87.6
152.6 45.3
152.6 45.3
188.8 115.9
188.8 115.9
188.8 115.9
155.3 97.6
165.5 62.9
165.5 62.9
165.5 62.9
153.3 71
162.5 87.5
149.2 59.4
164.5 73.5
182.3 106.8
182.3 106.8
166.4 88.1
162.9 100.4
162.9 100.4
162.9 100.4
162.9 100.4
162.9 100.4
163.1 68
163.1 68
163.1 68
171.9 76.2
175 70.8
164.8 76.4
168.8 95.3
160.3 105.9
169.7 124.9
169.7 124.9
169.7 124.9
165.1 88.7
165.1 88.7
171.3 88.5
168.2 60.5
168.2 60.5
166.8 72
179.5 73.8
179.5 73.8
171.3 69.3
157.4 97
157.4 97
157.4 97
164.8 88.9
162.2 54.5
162.2 54.5
153.9 95.8
159.7 52.5
155.6 77.9
164.9 83.6
185.5 156.4
161.8 61.9
170.4 82.8
185.9 87.4
161.8 75.9
161.8 75.9
184.3 70
184.3 70
184.3 70
180.3 101.9
180.3 101.9
180.3 101.9
180.8 77.9
166 93
174.2 75
174.2 75
174.2 75
172.9 112.7
163 70.1
164.1 82.4
164.1 82.4
163.7 78.4
163.7 78.4
179.4 86.7
156.3 50.3
156.3 50.3
172.4 105.3
174.2 96.6
182.5 118.1
162.5 72.9
177.4 65
156.7 46.5
156.7 46.5
168.8 57.9
174.2 107.1
174.2 107.1
183.7 108.8
171.8 90.3
185.9 95.4
168.1 110.7
168.1 110.7
176.6 74.5
151.9 65.5
164 74.5
156.1 100.6
156.1 100.6
166.7 64.8
166.7 64.8
166.7 64.8
162.4 105.4
153.3 104
150.3 52.5
183.5 105.3
168.3 53.6
170.1 85.2
159 69.9
164.2 64.5
164.2 64.5
164 66
164 66
164 66
164 66
164 66
161.3 57.6
163.1 65.1
178.2 90.8
178.2 90.8
158.4 94.9
158.4 94.9
173 89.6
173 89.6
163.2 68.3
163.2 68.3
164.8 79.9
168.8 68.3
168.8 68.3
172 77.9
164.5 76.3
164.5 76.3
189.5 76.1
189.5 76.1
174 88.8
174 88.8
174 88.8
185.5 167.6
185.5 167.6
173.8 100.2
173.8 100.2
173.8 100.2
173.8 100.2
171.5 62
171.5 62
171.5 62
166.3 75.8
182.8 91
182.8 91
167.1 68.6
167.1 68.6
157.4 57
158.2 76.8
161.4 58.6
188.2 94.6
188.2 94.6
169.1 89
160.6 44
155.4 76.5
174.1 82.8
164.5 65.7
164.5 65.7
159.4 56
159.4 56
161.4 71.3
172.9 79.5
172.9 79.5
157.2 105.5
154.2 76.4
171.9 91.7
165.6 67.6
171.1 76.3
171 56.2
171 56.2
165.7 80.2
157 140.1
157 140.1
188.3 106.7
188.3 106.7
188.3 106.7
178.8 97.5
178.8 97.5
178.8 97.5
173.6 133.9
173.6 133.9
173.6 133.9
170.4 61.7
170.4 61.7
166.6 70.7
166.6 70.7
166.6 70.7
160.3 65.1
160.3 65.1
169.7 88.8
160.6 55.8
162.3 56.9
170.9 104.9
158.4 100.8
158.4 100.8
165.1 80.3
173.1 70.9
173.1 70.9
164.8 71.9
170.7 60
190.6 105.5
190.6 105.5
165.4 82.7
165.4 82.7
165.4 82.7
165.4 82.7
165.4 82.7
165.4 82.7
185.1 109.9
167.7 65.5
167.7 65.5
163.4 63.7
181.7 100.9
181.7 100.9
181.7 100.9
181.7 100.9
169.9 112.1
156 50
169.1 67.7
156.3 61.7
156.3 61.7
163.2 59.8
163.2 59.8
163.2 59.8
164.5 72
152 54.3
162.7 85.8
172.4 83.2
167.7 72.8
175.1 68
177.7 69.2
170.3 78.7
180 73.1
156.5 62.9
170.9 92.1
171 67.1
171 67.1
173.3 84
170.8 86.2
165.5 70.6
175.7 76.9
175.7 76.9
173.5 109.3
173.5 109.3
180.5 99.8
148.4 89.1
181.2 88
181.2 88
175.3 89.4
186.6 69.2
186.6 69.2
164.1 75.4
164.1 75.4
164.1 75.4
175.8 98.6
186 82.8
174.7 68
174.7 68
160.5 81.6
160.5 81.6
161.4 86.8
165.3 109.4
160.8 82.1
169.8 88.9
169.8 88.9
165.1 63.7
169.6 85
174.2 83.2
162.6 78.1
179.8 89.2
179.8 89.2
151.2 77.3
151.2 77.3
151.2 77.3
151.2 77.3
173.2 188.5
163 64
163 64
161 88.1
161 88.1
161 88.1
170.1 74.1
170.1 74.1
170.1 74.1
170.1 74.1
167.9 70.3
168.4 63.4
162.2 107.8
162.2 107.8
162.2 107.8
166.9 88.8
163.2 83.8
179.6 91.1
179.6 91.1
179.6 91.1
159.3 92.4
181.6 107.6
181.6 107.6
181.6 107.6
181.6 107.6
181.6 107.6
168.4 87.3
167.1 81.7
165.4 55.4
148.4 68.7
167.7 83.9
165.4 81.1
186.8 131.3
182.3 99.6
175.3 107.4
172 71.8
172 71.8
163.1 78.1
163.1 78.1
163.1 78.1
183 89.8
169.3 73.1
160.7 71.7
173.2 70.7
158 68.4
159.1 70.3
165.9 65.7
169 63.8
167.5 66.7
159.6 83
159.6 83
167.8 51
167.8 51
167.8 51
166.1 61.5
166.1 61.5
166.1 61.5
167.1 58.2
167.1 58.2
167.1 58.2
167.1 88.8
190.5 112.4
190.5 112.4
190.5 112.4
190.5 112.4
170.4 83.8
170.4 83.8
177.9 80.7
177.9 80.7
177.9 80.7
177.9 80.7
177.9 80.7
167.6 115.6
167.6 115.6
167.6 115.6
160.9 61.8
181.8 108.1
169.8 85.6
149.7 66.2
175.3 98.7
175.3 98.7
165.6 62.5
165.6 62.5
165.6 62.5
185.7 91.5
185.7 91.5
162.5 60.9
162.5 60.9
181.4 100.2
181.4 100.2
181.4 100.2
160.8 61.5
160.8 61.5
160.8 61.5
160.8 61.5
153.6 82.1
172.6 87.1
172.6 87.1
178.4 69
153.9 62.5
153.9 62.5
153.9 62.5
166.8 66.1
186.1 83.3
186.1 83.3
186.1 83.3
186.1 83.3
186.1 83.3
186.1 83.3
181.1 95.8
181.1 95.8
181.1 95.8
152.2 76.7
152.2 76.7
152.2 76.7
153 60.3
170.2 109.1
162.5 65.2
177.4 106
163.7 67.5
163.7 67.5
163.7 67.5
155.1 103.5
155.1 103.5
156.5 46.3
171.8 56.5
157 85.5
158.2 88.1
158.2 88.1
158.2 88.1
158.2 88.1
165.7 134.1
160.7 104.8
161 47.7
166.4 93.2
180.2 75.3
185.5 87.1
178.4 84.9
178.4 84.9
167.3 74.2
157.5 80.2
157.5 80.2
182.7 90.2
182.1 73.4
182.1 73.4
184.7 105.5
184.7 105.5
172.9 73.5
169.9 82.9
188 80
154.3 72.5
154.3 72.5
170.4 62.3
160.6 71.5
160.6 71.5
160.6 71.5
160.6 71.5
160.6 71.5
153.7 70.3
184.5 85.1
160.7 63.4
160.7 63.4
168.3 71.6
168.3 71.6
162.2 85.8
162.1 62.2
162.1 62.2
166.2 78.3
166.2 78.3
153.3 78.9
153.3 78.9
172.6 68.2
154.4 55.7
154.4 55.7
154.4 55.7
176.6 81.8
170.1 69
170.1 69
181.3 67.1
181.3 67.1
171.2 81.7
171.2 81.7
156.2 79.5
157.1 63.8
157.1 63.8
175.7 77.8
175.7 77.8
155.6 84.8
177.2 105.1
177.2 105.1
177.2 105.1
177.2 105.1
177.2 105.1
158.4 72.2
151.4 58.2
166.3 116.2
177.1 80.9
177.1 80.9
177.1 80.9
177.1 80.9
184.9 80.1
171.9 117.3
171.9 117.3
171.9 117.3
171.9 117.3
171.9 117.3
183.5 107.6
169.3 68.7
173.6 83
173.6 83
173.6 83
160.9 142.3
179.7 73.8
179.7 73.8
179.7 73.8
179.7 73.8
183.8 119.1
159.2 84.8
182.2 124.9
148.8 54.6
166.4 83.8
169.2 55
169.2 55
169.2 55
169.2 55
169.2 55
192.8 86.1
192.8 86.1
192.8 86.1
192.8 86.1
192.8 86.1
192.8 86.1
176 69.2
165.1 66.4
176 62.2
176 62.2
165.9 68.6
174.7 75.6
161.8 72
161.8 72
161.8 72
168.5 84.2
166.5 92.5
169.5 113.3
159.6 69.3
181 114.2
167.6 93.2
144.4 48.5
144.4 48.5
160.5 65.8
176.6 88.7
176.6 88.7
176.6 88.7
145.9 79.3
176.6 109.1
176.6 109.1
176.4 136.8
177.8 88.2
154.8 71.2
154.8 71.2
154.8 71.2
154.8 71.2
184.6 93.7
184.6 93.7
168.3 134.6
174.3 89
174.3 89
174.3 89
158.6 68.1
158.6 68.1
170.8 100.7
167.1 75.9
167.8 104
167.8 104
180.8 93.4
172.6 67.7
172.6 67.7
172.6 67.7
158.4 80.4
158.4 80.4
158.4 80.4
158.4 80.4
155.1 78.9
150.5 67
155.3 84.5
169.1 61.7
169.1 61.7
156.7 57.5
177.9 89.7
148.7 83.9
162.1 80.2
165.7 67.7
158.7 67.5
156.2 61.7
160.3 59.6
149.3 70.3
149.3 70.3
159.6 61.7
159.6 61.7
159.6 61.7
159.6 61.7
165.2 80.5
159.4 56.7
175.3 110.9
175.3 110.9
175.3 110.9
175.3 110.9
175.3 110.9
166 98.4
171.1 72.3
163.1 82.2
166 85.8
166 85.8
166 85.8
157.2 60.4
159.6 80
159.6 80
176.9 113.4
168.7 55.3
152.9 63.9
152.9 63.9
153.6 83
166.2 72.5
171.8 83.9
181.2 92.6
181.2 92.6
181.2 115.1
165.4 72.5
165.4 72.5
173.2 86.4
160.6 77.2
160.6 77.2
159.8 81.2
169.1 57.3
169.1 57.3
169.1 57.3
181.3 84.2
153.9 49.1
165.5 78.6
170.4 83.9
166.2 79.4
164.4 73
164.4 73
164.7 86.4
166.4 88.6
161.1 73.8
161.1 73.8
173.3 87
173.3 87
168.4 62.5
153.5 62.3
180.7 91.8
182.8 96
182.8 96
170.4 74.2
186.9 96.8
174.7 80.3
174.7 80.3
174.7 80.3
174.7 80.3
168.6 97.6
159.7 68.9
162.6 69
152 81.1
152.3 78.4
172.8 91.6
150.4 42.4
168 70.7
168 70.7
164.8 187.5
164.8 89.7
167.6 65
180.4 115.6
147.9 72.8
164.4 60.8
164.4 60.8
164.4 60.8
164.4 60.8
150.5 65
150.5 65
173.6 72.6
166.8 70.9
189.8 103.5
170.1 80.1
170.1 80.1
170.1 80.1
170.1 80.1
172.9 84.9
172.9 84.9
177.2 81.3
170.7 98.5
168.1 74
172.4 53.3
179.5 92.1
176 109.8
184.3 86.7
184.3 86.7
153.2 74.5
171.3 91.2
156.4 44.7
152.2 79.2
170.6 152.3
175.4 77.3
174.9 83.2
174.9 83.2
177.1 79.1
177.1 79.1
177.1 79.1
177.1 79.1
159.2 92.4
157.3 85.6
157.3 85.6
157.3 85.6
157.3 85.6
173.5 89.3
171.2 69.1
171.2 69.1
173.3 71.8
162.5 63.5
180.8 102.1
151.9 81.7
186.6 106.4
166.6 82.1
166.6 82.1
173.6 88.9
158.4 65.7
158.4 65.7
171.1 116.2
171.1 116.2
176.5 86.6
166.1 83.6
166.4 107.1
171.4 56.8
163.3 65.9
190.2 108.1
157.9 73.1
158.8 65.4
158.8 65.4
158.8 65.4
158.8 65.4
169.1 89.9
153.4 64.7
156.7 63.1
159.8 96.2
159.8 96.2
183.3 97.2
177.1 95.6
158.1 53.1
158.1 53.1
162.8 101.8
162.8 101.8
185.6 126.6
185.6 126.6
176.9 81.8
176.9 81.8
151.1 57.2
174.3 89.2
167.5 89.5
167.5 89.5
167.5 89.5
161.8 70.5
161.8 70.5
161.8 70.5
161.8 70.5
180.8 68.8
154.8 51.8
171.2 85.3
171.2 85.3
156.4 75.7
192.8 102.6
192.8 102.6
181.6 70.7
181.6 70.7
190.6 61.3
190.6 61.3
190.6 61.3
190.6 61.3
164.4 78.1
164.4 78.1
164.4 78.1
164.4 78.1
164.9 86.9
179.8 110.1
171.3 87.3
176.2 88.1
176.2 62.7
176.2 62.7
176.2 62.7
173.9 78.7
165.7 64.6
173.7 102.9
173.7 102.9
173.7 102.9
173.7 102.9
178.1 79.6
164.9 77.7
189.2 106.5
189.2 106.5
189.2 106.5
189.2 106.5
189.2 106.5
166.6 68.4
190.8 108.6
167.3 89.4
180.7 56.5
180.1 79
180.1 79
167.6 93.7
168.2 70.2
168.2 70.2
165 58.6
168.5 65.9
168.5 65.9
168.5 65.9
168.5 65.9
174.4 100.7
153.3 64.9
166.3 82.3
167.1 90.3
171.1 70.7
174.4 74.2
161.3 61.2
164.8 84.4
164.8 84.4
165.1 71.6
163.1 67.6
163.1 67.6
163.1 67.6
187 125.9
183.8 89.8
183.8 89.8
176.6 106.2
176.6 106.2
176.6 106.2
176.6 106.2
176.6 106.2
176.6 106.2
176.6 106.2
167.7 86.6
167.7 86.6
152.9 76
152.9 76
152.9 76
152.9 76
152.9 76
168.2 109
168.2 109
142.4 51.7
142.4 51.7
142.4 51.7
142.4 51.7
142.4 51.7
142.4 51.7
157.5 70.9
162.6 63
171 86.1
171 86.1
189.4 83.2
177.6 111.1
184.2 116.7
173.8 120.8
176.9 78.6
176.9 78.6
176.9 78.6
146 108
155.8 75.9
155.8 75.9
170.5 87.8
164.6 63
164.6 63
164.6 63
179.5 81.7
165.5 62.3
166.3 100.1
166 84.3
166 84.3
165.2 72.2
174.4 105
163.9 68.8
163.9 68.8
163.9 68.8
163.9 68.8
185.1 92
185.1 92
169 66.9
169 66.9
169 66.9
152.3 118.1
152.3 118.1
172.9 61.7
162.1 83.6
167 60.6
169.6 74.9
169.6 74.9
169.6 74.9
176.6 77.6
178.2 65.5
178.2 65.5
178.2 65.5
178.2 65.5
149.3 69.2
159.9 64.3
161.1 78.8
175 91
175 91
175 91
165.6 82.4
165.6 82.4
166.1 125.1
166.1 125.1
170 80.7
153.7 52.1
162.9 52.6
162.9 52.6
174.6 69
162.4 71.1
164.3 90.6
165.2 60.9
161.2 74.4
163.6 63.3
163.6 63.3
163.6 63.3
163.6 63.3
163.6 63.3
173.2 82.6
159 51.2
159 51.2
159 51.2
181.3 155.4
177.7 70.7
185.2 90
185.2 90
172.2 101
173.1 104.5
173.1 104.5
176.2 128.5
176.2 128.5
176.2 128.5
187 84.4
187 84.4
187 84.4
155.7 61.1
163.3 76.3
171.5 84.4
164.6 65.1
173.8 82.3
186.9 62.1
163.3 62.2
163.3 62.2
161.6 65.8
160.3 81.3
160.3 81.3
176.1 80.4
177.1 74.6
177.1 74.6
177.1 74.6
177.1 74.6
177.1 74.6
163.5 87.7
175.5 63.1
175.5 63.1
159 55.5
163 89.9
163 89.9
163.9 58.4
163.9 58.4
185.1 103.6
177.8 80.8
177.8 80.8
177.8 80.8
172.2 46.7
151.3 80.9
166.6 83.2
164.1 79.7
182 88.5
182 88.5
182 88.5
161.3 56.6
166.9 79.5
160.7 59.9
162.4 80.5
162.4 80.5
172 94.6
162.9 62.1
146.8 94.8
173.1 76.4
157.6 116.1
157.6 116.1
157.6 116.1
151.6 41.9
149.2 56.2
160.7 76.5
166.1 71.7
166.1 71.7
166.1 71.7
166.1 71.7
171.1 83.2
179.5 92.2
179.5 92.2
179.5 92.2
180.2 131.1
180.2 131.1
170.7 184.5
168 91.1
168 91.1
170.3 59.7
170.3 59.7
170.9 65.3
159.8 70.6
184.2 73.2
153 74.3
153 74.3
153 74.3
155.6 70.1
166.5 56.1
166.5 56.1
155.4 76.5
165.6 60.8
184.1 85.5
184.1 85.5
184.1 85.5
152 110.9
172 94.5
171.2 78.6
182.8 56.8
169.1 73.5
169.1 73.5
172.3 67.9
169.8 125.7
169.8 125.7
169.8 125.7
167.4 82.8
167.4 82.8
167.4 82.8
179.4 100.4
173.4 93
173.4 93
163.4 62.8
163.4 62.8
163.4 62.8
163.4 62.8
163.4 62.8
180.3 103.7
149.3 68.5
149.3 68.5
149.3 68.5
169.9 86.6
169.9 86.6
181.7 64.1
174.7 136.9
178.5 97.1
149.4 76.6
149.4 76.6
149.4 76.6
165.5 86.2
165.5 86.2
165.5 86.2
170.4 58.4
168 61.7
168 61.7
177.7 60.9
177.7 60.9
165.2 71.5
168.5 87.8
168.5 87.8
176.3 60.4
158.5 73.3
177.9 89.1
184.1 105.3
184.1 105.3
184.1 105.3
153 62
182.6 113.1
182.6 113.1
157.8 97.6
153.9 87.6
172.1 87.3
166.5 72.8
166.5 72.8
157.9 77.8
157.9 77.8
157.9 77.8
174.1 75.9
155.7 60.3
162.4 49.3
168.4 78.4
146.5 42.5
146.5 42.5
146.5 42.5
169.2 81.4
163.9 53.1
163.9 53.1
163.9 53.1
163.9 53.1
154.8 69.1
154.8 69.1
166.9 70
167.3 79.5
155.5 73.8
177.1 69.2
173.6 74.4
173.6 74.4
179.2 96.7
179.2 96.7
165.8 75.5
165.8 75.5
168.1 50.9
154.6 72.9
161.3 67.1
157.4 58.5
158.3 58.1
163.6 70.1
167.6 102
168.8 59.5
168.8 59.5
168.8 59.5
181.8 86.7
181.8 86.7
161.6 80.2
173.4 62.5
160.3 63.7
176.1 101.3
178.7 93.3
178.7 93.3
156.7 53.7
156.7 53.7
159.9 67.4
173 63.5
173 63.5
173 63.5
173 63.5
159.4 100
164.5 99.5
171.7 99
171.7 99
171.7 99
180 77.5
169.6 91.9
169.6 91.9
171.1 58.3
171.1 58.3
171.1 58.3
171.1 58.3
171.1 58.3
149.6 55.9
173.7 89.9
173.7 89.9
173.7 89.9
173.1 108.3
173.1 108.3
173.1 108.3
173.1 108.3
175.4 90.1
158.2 75.8
160.2 56.2
157 198.7
151.8 71.3
151.8 71.3
151.8 71.3
152.3 50.7
163.1 54.9
168.1 104.9
168.1 104.9
168.1 104.9
173.4 98.2
164.7 105.9
165.8 87.9
165.8 87.9
165.8 87.9
183.4 99.9
157.8 55.7
179.4 90.5
152.8 71.1
159.5 70.3
176.6 82
182.5 86.9
165 83.6
165 83.6
165 83.6
180.7 77.4
164 63.1
160 62.6
188.6 100.8
159.3 74.5
172.1 100.6
172.1 100.6
161.7 92.6
161.7 92.6
150.3 67.1
186.4 87.7
154.5 66.6
154.5 66.6
154.5 66.6
154.5 66.6
157.4 52.9
164.3 64.4
172.2 75.5
172.2 90.3
172.2 90.3
172.2 90.3
172.2 90.3
183.7 110
168.3 90.5
168.3 90.5
156.5 59.4
150.1 62.9
149.8 50.1
173.8 110.9
156.6 88.5
156.6 88.5
177.7 66
159.9 83.2
159.9 83.2
159.9 83.2
167.8 80.8
176.1 110.1
176.1 110.1
176.1 110.1
165.4 84.8
165.4 84.8
165.4 84.8
165.4 84.8
165.4 84.8
165.4 84.8
176.2 103.8
176.2 103.8
176.2 103.8
159.5 57.2
165.4 90.5
154.6 74
152 78.7
161.9 60.4
166.9 84.5
164.1 122.5
175.3 78.4
162.6 68.9
157.7 72
177.5 103.4
181.1 65.3
159.7 58.7
159.7 58.7
159.7 58.7
159.7 58.7
159.7 58.7
158.3 58.8
180.8 86.6
180.8 86.6
179.5 62.4
179.5 62.4
168.2 81.6
162.5 125.8
162.5 125.8
175.1 82.7
175.3 71.4
171.1 83
159.6 66.1
170.1 96.2
182.9 79.4
182.9 79.4
182.9 79.4
174.9 66.5
175.7 65.3
175.7 65.3
175.7 65.3
174.2 105.2
161.3 68
163.6 77.4
152 61.4
180.1 106.7
180.1 106.7
173.1 75.5
173.1 75.5
175.7 79.4
175.7 79.4
175.7 79.4
164.3 123.4
164.3 123.4
164.3 123.4
164.3 123.4
164.3 123.4
185.8 90.3
185.8 90.3
178.2 79
178.2 79
178.2 79
160.8 67.2
174.8 110.1
153 60
167.8 76.1
169.1 83
169.1 83
190.5 109.9
190.5 109.9
179.2 82.8
179.2 82.8
179.2 82.8
179.2 82.8
178.3 100.1
178.3 100.1
178.3 100.1
178.3 100.1
182.5 77.2
182.5 77.2
182.5 77.2
156.9 51.2
176 71
176 71
163.5 95.6
163.5 95.6
155.8 58.9
175.1 94.8
175.1 94.8
175.1 94.8
175.1 94.8
160.9 58.5
174.7 64.5
174.7 64.5
174.7 64.5
167.6 99.4
174.7 78.8
174.7 78.8
167.2 88.4
170.8 65.7
170.8 65.7
170.6 105.1
170.6 105.1
162 56.1
162 56.1
162 56.1
185.3 84
185.3 84
185.3 84
152 59.6
171.4 57.7
173.2 55.3
168.6 69.6
168.6 69.6
170.3 82.6
170.3 82.6
160.8 77.5
172.6 80.5
180.9 78
160.6 61.3
160.6 61.3
160.6 61.3
160.8 102.6
177.3 67.3
177.3 67.3
174.9 93.3
162.5 59.1
172.3 116.7
155.7 77.3
155.7 77.3
155.7 77.3
155.7 77.3
178.9 87.7
178.9 87.7
178.9 87.7
178.9 87.7
168.3 68
160.8 52.7
160.8 52.7
179.4 99.5
179.4 99.5
158.3 59.1
169.7 58.3
169.7 58.3
169.7 58.3
168.6 62.4
187.5 110.5
157.8 65.3
157.8 65.3
168.8 50.7
168.8 50.7
163.3 83.6
176.2 96.3
157.9 58.3
168.4 95.3
168.4 95.3
168.8 85.1
168.8 85.1
168.8 85.1
176.4 73.7
183.5 113.7
183.5 113.7
183.5 113.7
183.5 113.7
144.3 39.3
144.3 39.3
157.6 54.7
157.6 54.7
155.5 57.2
167.1 100.1
156.7 61.5
156.7 61.5
156.7 61.5
156.7 61.5
165.5 92.6
166.2 81.2
166.2 81.2
167.5 73.2
154.9 71.8
154.9 71.8
155.8 89.9
174.8 68
174.8 68
174.8 68
162.4 61.1
169.7 59.1
175.8 92.9
154.9 77.5
169.2 78.5
169.2 78.5
169.2 78.5
169.2 78.5
169.2 78.5
165.9 67.1
165.9 67.1
165.9 67.1
159.2 69.7
173.8 100.9
167.6 57.6
167.6 57.6
158.7 94.4
191.3 92.3
189.7 94.7
181.2 99.7
165 75.3
163 66.9
163 66.9
163 66.9
160.5 46.6
163.1 76.2
180.1 145.5
169.6 60.3
178.4 75.2
178.4 75.2
187.4 95.3
187.4 95.3
181.1 73.2
166.9 58
175.7 82.9
175.7 82.9
169.4 89.2
169.4 89.2
169.1 82
169.1 82
169.1 82
167.7 76.9
177.8 71.4
177.8 71.4
177.8 71.4
181.9 84.8
181.9 84.8
154.6 50.4
159.6 64.1
164.7 71.5
164.7 71.5
175.1 64.5
160.5 63.3
165.7 58.8
165.7 58.8
171.2 60.9
190.3 100.2
190.3 100.2
190.3 100.2
175.3 94.7
175.3 94.7
175.3 94.7
167.7 78.5
183.2 74.8
183.2 74.8
163.1 67.8
163.1 67.8
163.1 67.8
163.1 67.8
163.1 67.8
178.5 89.2
166 62
166 62
166 62
155.4 56.4
173.2 76.9
173.2 76.9
173.2 76.9
155.2 52.5
188.8 89.5
156.5 44.4
172.3 69.6
172.3 69.6
172.3 69.6
173.9 76.9
173.9 76.9
173.9 76.9
173.9 76.9
165.7 57.3
165.7 57.3
155.6 81.9
155.6 81.9
155.6 81.9
167.3 64.1
167.3 64.1
152.2 61.1
152.2 61.1
190.7 119.8
190.7 119.8
190.7 119.8
190.7 119.8
190.7 119.8
147.8 73
162.7 110.7
200.4 162.2
200.4 162.2
169.3 70.8
169.3 70.8
169.3 70.8
169.3 70.8
172.4 80.4
153.8 96.6
162.6 61.8
171.4 65.6
175.5 91.2
175.9 70
175.9 70
166.4 77.1
166.4 77.1
163.7 59.5
145.6 53.4
167.3 104.9
163.2 79.1
174.3 75.2
173.4 62
173.4 62
155.6 66.5
179 70.9
168.5 81.6
168.5 81.6
173.6 77.6
184.3 73.3
160.8 117.5
178.2 88.7
178.2 88.7
186.7 95.2
163 58.7
152.5 75.5
167.8 65
185.1 74.8
176.7 141.4
176.7 141.4
176.7 141.4
166.7 88.7
151.8 48.8
174.4 75.9
174.4 75.9
165.9 73.5
165.9 73.5
173.3 74.8
173.3 74.8
173.3 74.8
149.1 69.8
179.5 94.4
165.8 110.4
177.7 92.9
154.1 49
163.5 73.6
159.3 47.6
159.3 47.6
187.2 96.8
167.5 74.8
170.8 65.3
170.8 65.3
170.8 65.3
170.8 65.3
170.8 65.3
166 93.7
170.3 97.8
166.5 61.1
160.7 65.6
160.7 65.6
166.6 63.3
173 81
169.1 100.9
160.6 65.3
173.6 81.2
173.6 81.2
173.6 81.2
169.4 83.2
153.4 73.9
172.7 91.3
172.7 91.3
172.7 91.3
186.7 134.9
186.7 134.9
178.7 74.3
178.7 74.3
159.6 50.9
158.8 54.7
171.5 89.7
157.1 60.9
165 71.9
171.1 70.1
173.6 68
151 44.2
172.8 71.6
173.6 62.1
160 57.7
176.2 73.8
176.2 73.8
176.2 73.8
163.4 78.4
163.4 78.4
168.3 90.5
165.1 81.3
165.1 81.3
171.7 66.7
171.7 66.7
156.7 69.6
156.7 69.6
156.7 69.6
178.8 86.4
156.4 102.6
156.4 102.6
166.1 65.7
164.3 81.3
164.3 81.3
164.3 81.3
174.3 86.8
171.5 71.5
171.5 71.5
166.3 71.8
182 93.2
169.1 110.2
173.2 68.2
183.9 71.2
154.5 60.6
162.4 79.8
170.3 92
172 78.1
163.6 72.8
160.7 52.7
154.4 57.9
154.4 57.9
158.6 70
177.1 94.6
182.8 79.3
182.8 79.3
192.9 77.9
192.9 77.9
192.9 77.9
168.8 69.7
168.8 69.7
159.4 80.7
181.7 87.7
181.7 87.7
162.7 56.3
162.7 56.3
171.8 82.6
178.5 129.7
178.5 129.7
161.1 50.2
182.3 94.3
159.2 52.2
146.7 103.2
173.2 76.7
154.3 82.4
154.3 82.4
161.5 65.4
161.5 65.4
183.7 75.9
183.7 75.9
181 102.6
165.7 82.3
173.7 89.5
151.7 45.4
157.5 56.3
150.9 73.8
150.9 73.8
156.1 91.3
158.2 48.8
168.4 120.2
174.5 79.3
174.5 79.3
145.4 67.9
173.3 62.9
166.1 99
166.1 99
175.7 73.4
175.7 73.4
184.6 101.7
173.6 85.5
173.6 85.5
173.6 85.5
173.6 85.5
173.6 113.9
173.6 113.9
173.6 113.9
164.2 79
181.7 94.1
184.1 76
168.6 106.6
162.9 72.4
154.7 70.3
175.4 71.5
175.4 71.5
175.4 71.5
159 88.7
159 88.7
177.3 92.3
177.3 92.3
177.3 92.3
175.8 96.7
168.8 78.4
168.8 78.4
